OBJECT_NAME,OBJECT_ID,EPOCH,MEAN_MOTION,ECCENTRICITY,INCLINATION,RA_OF_ASC_NODE,ARG_OF_PERICENTER,MEAN_ANOMALY,EPHEMERIS_TYPE,CLASSIFICATION_TYPE,NORAD_CAT_ID,ELEMENT_SET_NO,REV_AT_EPOCH,BSTAR,MEAN_MOTION_DOT,MEAN_MOTION_DDOT
TDRS 3,1988-091B,2026-05-26T22:17:04.456320,1.00264010,.0039207,12.6179,341.1474,358.0673,190.3673,0,U,19548,999,12517,0,-.305E-5,0
FLTSATCOM 8 (USA 46),1989-077A,2026-05-26T23:07:01.192800,1.00265028,.0005913,12.4275,351.2933,30.6048,334.9449,0,U,20253,999,26035,0,-.372E-5,0
SKYNET 4C,1990-079A,2026-05-26T17:32:41.966592,1.00277362,.00028829,13.3461,349.9652,66.1193,124.7916,0,U,20776,999,13067,0,.12E-5,0
TDRS 5,1991-054B,2026-05-26T18:18:08.282304,1.00266609,.00064409,14.0741,353.9424,287.0318,70.3576,0,U,21639,999,12749,0,.78E-6,0
TDRS 6,1993-003B,2026-05-26T22:59:46.059936,1.00279133,.0006891,14.1828,357.2184,180.1985,6.0406,0,U,22314,999,12219,0,-.301E-5,0
UFO 2 (USA 95),1993-056A,2026-05-26T05:32:48.432768,1.00278600,.00078738,11.8874,3.6773,2.5961,349.4759,0,U,22787,999,11832,0,.12E-5,0
USA 99 (MILSTAR-1 1),1994-009A,2026-05-25T12:55:21.158976,0.98723650,.00008751,17.5949,27.9428,269.7485,270.7534,0,U,22988,999,3272,0,-.236E-5,0
UFO 4 (USA 108),1995-003A,2026-05-26T19:55:06.485088,1.00269034,.00030911,9.6986,13.3035,43.5874,298.5630,0,U,23467,999,11473,0,-.25E-6,0
TDRS 7,1995-035B,2026-05-26T00:42:03.627360,1.00270321,.00111096,13.3867,348.3442,72.8588,282.1717,0,U,23613,999,11302,0,-.248E-5,0
USA 115 (MILSTAR-1 2),1995-060A,2026-05-26T06:19:55.411392,1.00367289,.0000991,14.0657,3.9170,90.7262,142.5599,0,U,23712,999,3266,0,-.155E-5,0
INMARSAT 3-F1,1996-020A,2026-05-26T03:21:23.057280,0.99984083,.00035139,10.5566,46.8362,18.2144,156.9655,0,U,23839,999,11003,0,-.243E-5,0
INMARSAT 3-F2,1996-053A,2026-05-26T09:36:31.489344,1.00003934,.00067276,9.8092,54.1576,11.4316,132.9038,0,U,24307,999,10870,0,-.82E-6,0
INMARSAT 3-F3,1996-070A,2026-05-26T19:24:24.427584,0.99974803,.00037587,10.2732,49.8565,358.5695,192.1950,0,U,24674,999,10769,0,.46E-6,0
AMC-3,1997-050A,2026-05-26T05:30:02.791008,1.00272493,.00030875,8.0940,64.3415,359.4305,190.5321,0,U,24936,999,5221,0,-.261E-5,0
USA 134,1997-065A,2026-05-26T07:36:28.967616,1.00272618,.00047037,12.7597,21.8904,337.3573,246.6124,0,U,25019,999,3273,0,-.68E-6,0
INMARSAT 3-F5,1998-006B,2026-05-26T04:59:30.304896,1.00269010,.00051647,9.6465,53.4787,8.6152,202.5398,0,U,25153,999,10367,0,-.292E-5,0
ABS-6,1999-053A,2026-05-26T21:33:53.595936,1.00271319,.00037987,0.0121,319.0531,118.2499,289.6630,0,U,25924,999,9762,0,-.115E-5,0
UFO 10 (USA 146),1999-063A,2026-05-26T02:05:38.807808,1.00267459,.00024555,9.8423,27.3270,15.9861,208.7726,0,U,25967,999,9712,0,-.192E-5,0
ASIASTAR,2000-016A,2026-05-26T17:53:06.532800,1.00273618,.00050659,9.0827,58.3845,5.8219,193.3988,0,U,26107,999,9570,0,-.333E-5,0
USA 149 (DSP 20),2000-024A,2026-05-26T09:19:56.589888,1.00266539,.00021733,13.1552,12.0128,322.6796,243.9959,0,U,26356,999,3269,0,.89E-6,0
TDRS 8,2000-034A,2026-05-26T16:04:48.991008,1.00271257,.00052832,12.6507,31.5049,3.7817,175.0081,0,U,26388,999,9496,0,-.198E-5,0
NSS-11,2000-059A,2026-05-26T19:22:38.745696,1.00272450,.00031085,2.0735,81.6339,337.4911,291.9063,0,U,26554,999,4107,0,.29E-6,0
USA 153,2000-065A,2026-05-26T13:45:38.626272,1.00274817,.00032164,11.5892,35.6026,35.5229,153.8653,0,U,26575,999,3271,0,-.326E-5,0
AMC-6,2000-067A,2026-05-26T12:00:52.043904,1.00270928,.00035899,0.0987,82.9369,346.9985,219.2986,0,U,26580,999,9367,0,.91E-6,0
USA 157 (MILSTAR-2 2),2001-009A,2026-05-26T09:59:31.345728,1.00278877,.00381361,11.5200,19.9052,178.7244,45.2942,0,U,26715,999,3272,0,.106E-5,0
USA 159 (DSP 21),2001-033A,2026-05-26T22:28:35.423904,0.99203081,.00009778,12.7630,16.5917,96.0657,99.9561,0,U,26880,999,3274,0,-.223E-5,0
INTELSAT 902 (IS-902),2001-039A,2026-05-26T04:55:38.587008,1.00269136,.00041421,6.0635,72.0473,351.2594,204.2739,0,U,26900,999,9047,0,-.282E-5,0
USA 164 (MILSTAR-2 3),2002-001A,2026-05-26T20:53:50.155296,1.00269694,.01000646,11.1551,22.0418,7.6522,187.1420,0,U,27168,999,3274,0,.22E-6,0
INTELSAT 904 (IS-904),2002-007A,2026-05-26T15:31:34.731264,1.00272792,.0007343,6.8688,69.4410,351.9049,24.2760,0,U,27380,999,5155,0,-.223E-5,0
DIRECTV 5 (TEMPO 1),2002-023A,2026-05-26T21:59:51.107136,1.00272414,.00034442,4.8258,75.5713,350.0803,38.6881,0,U,27426,999,8791,0,-.53E-6,0
INTELSAT 905 (IS-905),2002-027A,2026-05-26T12:04:33.754080,1.00270951,.00041295,6.7017,70.0595,1.5071,216.4396,0,U,27438,999,5114,0,.96E-6,0
GALAXY 3C (G-3C),2002-030A,2026-05-26T21:48:12.862080,1.00271621,.00018491,3.6774,78.2606,24.9171,13.4899,0,U,27445,999,4628,0,-.148E-5,0
INTELSAT 906 (IS-906),2002-041A,2026-05-26T20:25:38.690400,1.00271862,.00046007,5.7497,73.1792,348.8897,192.9030,0,U,27513,999,8681,0,.16E-6,0
NIMIQ 2,2002-062A,2026-05-26T08:48:03.265344,1.00270925,.0006078,9.3986,57.1293,1.3349,208.3042,0,U,27632,999,4396,0,-.69E-6,0
USA 167,2003-008A,2026-05-26T06:02:38.747040,1.00275400,.00044993,10.9201,43.6078,314.8313,214.2196,0,U,27691,999,655,0,.2E-7,0
USA 169 (MILSTAR-2 4),2003-012A,2026-05-26T09:37:15.714048,1.00272955,.0101738,12.3182,30.0227,8.1292,142.2828,0,U,27711,999,3273,0,-.27E-5,0
ASIASAT 4,2003-014A,2026-05-26T19:14:38.804064,1.00269474,.00029022,4.6507,76.0078,358.7359,245.8003,0,U,27718,999,4508,0,-.219E-5,0
HELLAS-SAT 2,2003-020A,2026-05-26T13:55:03.207936,1.00271996,.00030778,7.3036,68.1405,339.5135,35.2504,0,U,27811,999,4263,0,-.82E-6,0
THURAYA-2,2003-026A,2026-05-26T19:18:25.001856,1.00274046,.00032226,8.8087,32.0678,0.0641,185.8592,0,U,27825,999,8413,0,.124E-5,0
OPTUS C1,2003-028B,2026-05-26T16:27:38.710944,1.00271692,.00059647,6.8385,69.6684,350.2690,226.9635,0,U,27831,999,5284,0,-.149E-5,0
USA 170,2003-040A,2026-05-23T22:46:03.243360,1.00274024,.0001818,10.4521,48.1798,3.4668,195.5313,0,U,27875,999,3275,0,.119E-5,0
GALAXY 13 (HORIZONS-1),2003-044A,2026-05-26T18:22:45.338592,1.00273654,.00021351,1.3645,84.1102,339.8467,306.0785,0,U,27954,999,4635,0,.136E-5,0
YAMAL 202,2003-053A,2026-05-26T14:44:31.740864,1.00271933,.00032705,6.2909,71.1936,334.6695,223.0040,0,U,28089,999,8248,0,-.78E-6,0
UFO 11 (USA 174),2003-057A,2026-05-26T17:44:44.111616,1.00273164,.00026323,8.9396,33.9380,46.7579,145.2744,0,U,28117,999,8223,0,-.105E-5,0
USA 176 (DSP 22),2004-004A,2026-05-26T03:12:42.754752,1.00413630,.00016713,12.0340,26.2386,311.6903,255.8453,0,U,28158,999,3271,0,-.304E-5,0
ABS-4 (MOBISAT-1),2004-007A,2026-05-26T20:25:38.690400,1.00274581,.00053235,5.9887,72.2614,353.6287,185.9660,0,U,28184,999,5212,0,.42E-6,0
INTELSAT 10-02,2004-022A,2026-05-26T19:05:33.734976,1.00268610,.00000937,0.0321,52.5431,2.9840,114.2357,0,U,28358,999,8034,0,-.8E-7,0
ANIK F2,2004-027A,2026-05-26T21:59:36.131424,1.00272193,.00045679,3.2339,79.7250,353.1046,30.4191,0,U,28378,999,4105,0,-.45E-6,0
AMC-15,2004-041A,2026-05-26T22:01:13.475712,1.00272556,.00024481,0.0209,314.4263,120.4109,34.8955,0,U,28446,999,7909,0,-.84E-6,0
NSS-10,2005-003A,2026-05-26T09:27:49.569408,1.00271445,.00030865,6.3975,70.7168,350.3443,287.4076,0,U,28526,999,5293,0,-.25E-5,0
INMARSAT 4-F1,2005-009A,2026-05-26T01:07:23.697984,1.00272161,.00028471,5.1401,42.7276,18.0066,17.8333,0,U,28628,999,7745,0,.32E-6,0
DIRECTV 8,2005-019A,2026-05-26T21:57:21.347424,1.00272543,.00032238,0.0143,350.5136,81.6987,22.5580,0,U,28659,999,7686,0,.5E-7,0
GALAXY 28 (G-28),2005-022A,2026-05-26T22:23:11.368608,1.00269339,.00032134,3.2463,79.1912,345.3008,128.6914,0,U,28702,999,5176,0,-.196E-5,0
THAICOM 4,2005-028A,2026-05-26T19:57:38.720160,1.00270916,.0002056,0.1918,86.2148,337.4516,239.6393,0,U,28786,999,5203,0,-.358E-5,0
ANIK F1R,2005-036A,2026-05-26T22:00:36.036000,1.00271453,.00042792,4.2605,76.8396,356.3622,34.1191,0,U,28868,999,4624,0,-.71E-6,0
SYRACUSE 3A,2005-041B,2026-05-26T21:01:49.389312,1.00280738,.00032043,4.5894,76.0932,343.0969,187.1039,0,U,28885,999,7553,0,.133E-5,0
INMARSAT 4-F2,2005-044A,2026-05-26T09:43:22.228032,1.00273228,.00030786,5.0676,43.7387,21.1994,108.3737,0,U,28899,999,7530,0,-.259E-5,0
METEOSAT-9 (MSG-2),2005-049B,2026-05-26T21:01:34.412736,1.00275490,.00015687,9.3158,54.3780,328.0037,223.1312,0,U,28912,999,678,0,.125E-5,0
EUTELSAT 174A,2005-052A,2026-05-26T16:30:10.461312,1.00273319,.00064448,4.1674,76.7874,344.6975,244.2973,0,U,28924,999,5211,0,.13E-6,0
ECHOSTAR 10,2006-003A,2026-05-26T10:01:07.164192,1.00271836,.00019232,0.0276,26.1735,2.8778,255.0232,0,U,28935,999,7424,0,-.53E-6,0
SPAINSAT,2006-007A,2026-05-26T09:45:05.763744,1.00272965,.00050171,0.5085,86.8820,335.5453,297.6229,0,U,28945,999,7400,0,-.214E-5,0
JCSAT-5A,2006-010A,2026-05-26T23:08:53.512800,1.00271967,.00020049,1.0564,84.4464,349.0841,290.2822,0,U,29045,999,7355,0,-.323E-5,0
ASTRA 1KR,2006-012A,2026-05-26T22:36:42.146208,1.00274694,.00035742,0.4207,83.1415,342.1207,177.4365,0,U,29055,999,4548,0,.124E-5,0
GALAXY 16 (G-16),2006-023A,2026-05-26T13:29:43.137312,1.00264993,.00032593,0.0156,86.4939,344.3413,276.7201,0,U,29236,999,7275,0,0,0
EUTELSAT 33F,2006-032A,2026-05-26T10:41:55.752288,1.00275581,.00036753,1.6075,82.4758,340.0357,15.1140,0,U,29270,999,4708,0,.159E-5,0
JCSAT-3A,2006-033A,2026-05-26T23:07:46.120800,1.00272104,.00019909,0.0295,59.2761,345.7598,314.4280,0,U,29272,999,4752,0,-.34E-5,0
KOREASAT 5 (MUGUNGWHA 5),2006-034A,2026-05-26T23:03:31.527648,1.00270616,.00019598,1.7326,83.2372,13.3344,246.8850,0,U,29349,999,4110,0,-.353E-5,0
DIRECTV 9S,2006-043A,2026-05-26T22:02:20.867712,1.00271701,.0004973,2.3680,81.1506,356.0792,36.6441,0,U,29494,999,5117,0,-.109E-5,0
OPTUS D1,2006-043B,2026-05-26T21:31:53.787648,1.00272034,.00038251,2.9822,79.9092,341.2238,298.2891,0,U,29495,999,7190,0,-.179E-5,0
BADR-4,2006-051A,2026-05-26T22:38:49.442784,1.00277638,.00049007,1.9522,81.3371,329.5227,199.7998,0,U,29526,999,5105,0,.151E-5,0
WILDBLUE-1,2006-054A,2026-05-26T21:59:28.643136,1.00272673,.00016648,2.7504,80.7418,344.9568,37.4524,0,U,29643,999,5358,0,-.45E-6,0
SKYNET 5A,2007-007B,2026-05-26T19:33:01.102176,1.00272253,.00039945,5.2476,73.9942,358.6775,200.2035,0,U,30794,999,7048,0,-.268E-5,0
ANIK F3,2007-009A,2026-05-26T21:57:21.347424,1.00273029,.00028267,1.1444,84.0912,342.1866,28.8382,0,U,31102,999,4635,0,.3E-7,0
ASTRA 1L,2007-016A,2026-05-26T20:41:39.522336,1.00272844,.00052431,1.2688,81.7394,352.4360,96.1680,0,U,31306,999,4477,0,-.18E-5,0
GALAXY 17 (G-17),2007-016B,2026-05-26T22:06:57.924864,1.00272541,.00046663,2.9207,80.1609,2.9259,48.1417,0,U,31307,999,6959,0,-.202E-5,0
INTELSAT 11 (IS-11),2007-044B,2026-05-26T15:00:45.186336,0.99049640,.00008883,3.5114,78.9229,76.3843,174.5962,0,U,32253,999,6823,0,.6E-6,0
WGS F1 (USA 195),2007-046A,2026-05-26T08:37:46.103232,1.00271744,.00003667,0.0591,95.9796,300.6214,294.2727,0,U,32258,999,5211,0,-.265E-5,0
SKYNET 5B,2007-056B,2026-05-26T22:38:26.978784,1.00269832,.00038522,5.1998,73.7519,347.0481,188.4134,0,U,32294,999,6798,0,.144E-5,0
ASTRA 4A,2007-057A,2026-05-26T22:32:35.041344,1.00269469,.00024534,0.0149,317.5628,107.7202,162.1805,0,U,32299,999,5143,0,.37E-6,0
HORIZONS-2,2007-063B,2026-05-26T22:10:12.614304,1.00272196,.00040228,2.5494,80.8807,345.7270,76.6569,0,U,32388,999,6760,0,-.249E-5,0
THURAYA-3,2008-001A,2026-05-22T19:02:21.628032,1.00211708,.00030597,5.9489,35.7739,119.6380,108.9740,0,U,32404,999,6723,0,-.299E-5,0
THOR 5,2008-006A,2026-05-26T22:31:05.185344,1.00273959,.0002704,0.0241,259.9054,175.0183,146.6170,0,U,32487,999,6710,0,-.4E-7,0
AMC-14,2008-011A,2026-05-24T17:45:13.724352,1.00349679,.00483033,23.9746,20.7664,90.0743,96.0893,0,U,32708,999,6793,0,0,0
DIRECTV 11,2008-013A,2026-05-26T13:29:35.649024,1.00272675,.00004697,0.0047,118.8586,263.4685,325.0142,0,U,32729,999,4537,0,-.123E-5,0
ICO G1,2008-016A,2026-05-26T08:39:21.531168,1.00271018,.00021782,5.5330,36.2104,14.0981,230.6051,0,U,32763,999,6632,0,-.172E-5,0
VINASAT-1,2008-018A,2026-05-26T23:08:53.512800,1.00269670,.00016262,0.0144,306.0138,130.4564,287.2353,0,U,32767,999,6637,0,-.324E-5,0
STAR ONE C2,2008-018B,2026-05-26T22:12:42.374880,1.00273152,.00028335,1.1887,82.6454,340.1818,89.8477,0,U,32768,999,6644,0,-.272E-5,0
AMOS-3,2008-022A,2026-05-26T22:37:57.027360,1.00465743,.00013664,0.4023,86.5282,53.8698,107.2524,0,U,32794,999,8212,0,.154E-5,0
GALAXY 18 (G-18),2008-024A,2026-05-26T21:56:13.955424,1.00273540,.00031214,0.0390,106.8958,323.0495,20.5890,0,U,32951,999,4564,0,.29E-6,0
ZHONGXING-9,2008-028A,2026-05-26T22:57:32.101920,1.00272267,.00050282,0.7167,85.5939,313.7699,281.9286,0,U,33051,999,6582,0,-.244E-5,0
SKYNET 5C,2008-030A,2026-05-26T17:18:13.355424,1.00271796,.00040959,3.7362,77.2892,354.1857,54.6006,0,U,33055,999,6574,0,-.136E-5,0
TURKSAT 3A,2008-030B,2026-05-26T21:00:34.509024,1.00274249,.0005254,0.0494,91.2310,327.6143,182.7362,0,U,33056,999,5214,0,.15E-5,0
INTELSAT 25 (IS-25),2008-034A,2026-05-26T18:25:15.100032,0.99033262,.00016823,2.6552,80.5610,13.9892,283.4432,0,U,33153,999,6547,0,.5E-6,0
ECHOSTAR 11,2008-035A,2026-05-26T10:01:14.651616,1.00272522,.00024964,0.9508,84.4085,326.6898,233.4052,0,U,33207,999,5099,0,-.55E-6,0
SUPERBIRD-C2,2008-038A,2026-05-26T23:10:00.904800,1.00270202,.00058196,2.3083,81.5187,16.9152,269.5852,0,U,33274,999,10551,0,-.302E-5,0
INMARSAT 4-F3,2008-039A,2026-05-26T08:52:38.648928,1.00271546,.00027894,4.2751,31.5449,39.2949,208.2671,0,U,33278,999,4632,0,-.14E-5,0
NIMIQ 4,2008-044A,2026-05-26T20:25:11.102016,1.00270764,.00020141,0.0082,35.5116,24.0619,49.1601,0,U,33373,999,6477,0,-.216E-5,0
GALAXY 19 (G-19),2008-045A,2026-05-26T22:03:35.748000,1.00271358,.00031738,0.0436,117.9351,317.6863,42.7678,0,U,33376,999,6469,0,-.135E-5,0
ASTRA 1M,2008-057A,2026-05-26T22:36:49.633632,1.00269398,.00046558,0.2434,82.0367,9.9244,151.1534,0,U,33436,999,4552,0,.125E-5,0
EUTELSAT HOTBIRD 13C,2008-065A,2026-05-26T22:16:56.968032,1.00269452,.00041734,2.8978,79.4363,347.7426,101.2374,0,U,33459,999,4713,0,-.278E-5,0
EXPRESS-AM44,2009-007A,2026-05-26T22:28:05.471616,1.00271433,.0004247,3.4115,78.6480,339.2567,152.6132,0,U,33595,999,5207,0,-.85E-6,0
NSS-9,2009-008A,2026-05-26T19:58:06.197952,1.00271336,.00022735,1.2086,82.8502,331.8031,312.3318,0,U,33749,999,6330,0,.76E-6,0
TELSTAR 11N,2009-009A,2026-05-26T20:37:54.880608,1.00273007,.00027355,0.0173,354.8108,58.9749,102.5710,0,U,34111,999,4603,0,-.247E-5,0
WGS F2 (USA 204),2009-017A,2026-05-26T21:04:56.589600,1.00271802,.00012076,0.0176,333.1648,249.8775,35.1484,0,U,34713,999,4540,0,.72E-6,0
SES-7 (PROTOSTAR 2),2009-027A,2026-05-26T00:47:25.613376,1.00271348,.00007638,0.0784,82.9178,298.4698,342.3273,0,U,34941,999,6240,0,-.344E-5,0
MEASAT-3A,2009-032A,2026-05-26T21:34:08.571648,1.00271487,.00030446,0.0354,32.4511,30.5585,304.9848,0,U,35362,999,781,0,-.106E-5,0
GOES 14,2009-033A,2026-05-26T21:32:31.228224,1.00117130,.00019802,1.6375,83.2866,348.0279,290.1588,0,U,35491,999,637,0,-.193E-5,0
FM-5,2009-034A,2026-05-26T15:15:58.727232,1.00271945,.00005364,0.0131,289.1871,6.8360,91.0308,0,U,35493,999,4642,0,-.197E-5,0
TERRESTAR-1,2009-035A,2026-05-26T08:18:16.308576,1.00270714,.00027981,5.1741,48.8050,11.3447,197.3174,0,U,35496,999,6191,0,-.55E-6,0
ASIASAT 5,2009-042A,2026-05-26T14:30:54.750240,1.00272932,.00015375,0.0742,91.3949,316.6522,154.3763,0,U,35696,999,6149,0,-.304E-5,0
JCSAT-12 (JCSAT-RA),2009-044A,2026-05-26T23:08:53.512800,1.00272603,.00004185,0.0424,95.5570,261.1189,7.1093,0,U,35755,999,6139,0,-.323E-5,0
OPTUS D3,2009-044B,2026-05-26T21:33:08.667936,1.00270822,.00033837,0.8567,270.3260,156.5838,296.9701,0,U,35756,999,6135,0,-.142E-5,0
NIMIQ 5,2009-050A,2026-05-26T22:10:27.590016,1.00271064,.00031414,0.0173,302.6801,122.3370,79.3878,0,U,35873,999,6113,0,-.253E-5,0
AMAZONAS 2,2009-054A,2026-05-16T11:12:30.210048,1.00221129,.00045329,1.7333,83.3796,37.9482,220.0833,0,U,35942,999,6086,0,-.27E-5,0
COMSATBW-1,2009-054B,2026-05-26T10:50:32.426016,1.00273600,.00034017,0.0701,89.6591,341.2650,38.7524,0,U,35943,999,6109,0,.27E-6,0
NSS-12,2009-058A,2026-05-26T22:47:33.058752,1.00271365,.00052752,0.0761,67.7887,328.2464,247.3702,0,U,36032,999,6070,0,.76E-6,0
THOR 6,2009-058B,2026-05-26T13:57:32.969376,1.00272677,.0001941,0.0565,115.7108,317.6877,19.2951,0,U,36033,999,6079,0,-.6E-7,0
INTELSAT 14 (IS-14),2009-064A,2026-05-26T23:03:19.345248,1.00272468,.00025912,0.0180,324.7255,108.5868,112.0499,0,U,36097,999,6039,0,-.269E-5,0
EUTELSAT 36B,2009-065A,2026-05-26T22:45:40.737888,1.00271203,.00058529,0.4395,80.8204,341.4245,214.1780,0,U,36101,999,6049,0,.117E-5,0
INTELSAT 15 (IS-15),2009-067A,2026-05-26T22:55:32.292768,1.00271484,.00023303,0.0115,294.4570,128.3497,250.7436,0,U,36106,999,4101,0,-.181E-5,0
WGS F3 (USA 211),2009-068A,2026-05-26T16:46:08.930208,1.00273454,.00003432,0.3537,85.7137,325.2076,314.9048,0,U,36108,999,4637,0,.67E-6,0
DIRECTV 12,2009-075A,2026-05-26T10:03:14.459904,1.00269396,.00003236,0.0117,89.0336,295.7050,267.3301,0,U,36131,999,4633,0,0,0
BEIDOU-2 G1,2010-001A,2026-05-26T16:20:33.882144,1.00272173,.00030407,4.2454,60.4795,303.2905,266.0796,0,U,36287,999,5995,0,-.277E-5,0
SDO,2010-005A,2026-05-26T08:45:19.086336,1.00271598,.00014553,34.6089,86.6704,37.2841,149.4013,0,U,36395,999,5984,0,-.7E-6,0
INTELSAT 16 (IS-16),2010-006A,2026-05-26T22:09:27.686304,1.00270499,.0002875,0.0111,307.1302,152.6377,40.8837,0,U,36397,999,5944,0,-.24E-5,0
EWS-G2 (GOES 15),2010-008A,2026-05-26T14:16:01.197984,1.00275127,.00051239,1.2211,83.2251,32.2461,46.1346,0,U,36411,999,5942,0,.23E-6,0
ECHOSTAR 14,2010-010A,2026-05-26T15:06:37.123776,1.00272673,.0002543,0.0166,354.9257,82.5692,274.4573,0,U,36499,999,4633,0,.3E-7,0
SES-1,2010-016A,2026-05-26T22:02:28.356000,1.00272168,.00028458,0.0130,322.5217,103.7351,47.8419,0,U,36516,999,5882,0,-.11E-5,0
ASTRA 3B,2010-021A,2026-05-26T14:04:39.787104,1.00268505,.00044745,1.4145,83.8035,340.6486,54.3937,0,U,36581,999,5865,0,.14E-5,0
COMSATBW-2,2010-021B,2026-05-26T22:34:57.313632,1.00272790,.00029587,0.0348,109.6902,328.8130,157.8896,0,U,36582,999,5874,0,.93E-6,0
BEIDOU-2 G3,2010-024A,2026-05-26T21:11:18.260736,1.00273761,.00085172,4.4677,61.6116,345.2839,235.0032,0,U,36590,999,5855,0,-.132E-5,0
BADR-5,2010-025A,2026-05-26T22:39:49.347360,1.00272251,.00022122,0.0671,110.1468,79.5501,65.1699,0,U,36592,999,5300,0,.158E-5,0
COMS 1,2010-032A,2026-05-26T14:34:25.210272,1.00271120,.00011021,4.7555,75.6335,335.4137,179.8626,0,U,36744,999,5087,0,-.341E-5,0
ARABSAT-5A,2010-032B,2026-05-26T22:39:49.347360,1.00270028,.00052114,0.0771,55.3904,34.0999,165.4755,0,U,36745,999,5843,0,.158E-5,0
ECHOSTAR 15,2010-034A,2026-05-26T21:57:21.347424,1.00272810,.00019571,0.0429,92.0516,319.3523,43.6198,0,U,36792,999,5811,0,.4E-7,0
BEIDOU-2 IGSO-1,2010-036A,2026-05-21T00:16:02.141760,1.00280030,.00589328,54.2967,163.2045,224.9850,321.8842,0,U,36828,999,5782,0,-.79E-6,0
NILESAT 201,2010-037A,2026-05-26T22:29:12.863616,1.00271205,.00039345,0.0082,86.7936,4.2406,123.7763,0,U,36830,999,5816,0,-.53E-6,0
RASCOM-QAF 1R,2010-037B,2026-05-26T22:32:05.089056,1.00271091,.00067123,0.0048,62.1228,3.9875,159.3137,0,U,36831,999,5809,0,.23E-6,0
AEHF-1 (USA 214),2010-039A,2026-05-26T22:39:49.347360,1.00278654,.0004322,8.1686,68.3331,345.0679,201.1284,0,U,36868,999,5344,0,.151E-5,0
XM-5,2010-053A,2026-05-26T09:59:44.794752,1.00271873,.0003277,0.0624,273.8831,279.3748,85.4756,0,U,37185,999,5726,0,-.21E-6,0
BSAT-3B,2010-056B,2026-05-26T23:02:31.623072,1.00270456,.00006242,0.0737,249.6532,265.4835,184.8564,0,U,37207,999,5188,0,-.345E-5,0
BEIDOU-2 G4,2010-057A,2026-05-26T21:34:16.059936,1.00272088,.00052969,3.5966,69.0760,207.9540,90.9918,0,U,37210,999,5707,0,-.108E-5,0
SKYTERRA 1,2010-061A,2026-05-26T20:19:41.628576,1.00272941,.00032,5.0819,50.8788,16.3389,20.8275,0,U,37218,999,5698,0,-.116E-5,0
HYLAS 1,2010-065A,2026-05-26T22:35:12.290208,1.00273599,.00013616,5.5919,73.2760,317.3331,206.5094,0,U,37237,999,667,0,.94E-6,0
INTELSAT 17 (IS-17),2010-065B,2026-05-26T22:50:02.820192,1.00273069,.00024415,0.0146,139.6350,291.2564,222.1509,0,U,37238,999,5303,0,.2E-7,0
BEIDOU-2 IGSO-2,2010-068A,2026-05-24T17:17:41.819424,1.00291178,.00546279,47.5917,272.1217,212.0033,124.4313,0,U,37256,999,5655,0,-.24E-5,0
EUTELSAT KA-SAT 9A,2010-069A,2026-05-26T08:52:29.691840,1.00270203,.00035931,0.0632,12.2904,108.6839,265.0739,0,U,37258,999,4378,0,.63E-6,0
HISPASAT 30W-5,2010-070A,2026-05-26T23:23:25.510848,1.00271926,.00048404,0.0509,116.4872,332.9926,115.9206,0,U,37264,999,5297,0,-.211E-5,0
KOREASAT 6,2010-070B,2026-05-26T09:35:33.063072,1.00271320,.00023112,0.0186,301.4897,123.4762,122.7733,0,U,37265,999,5655,0,-.109E-5,0
BEIDOU-2 IGSO-3,2011-013A,2026-05-22T18:18:41.819328,1.00274038,.00339095,62.3739,40.3913,185.7547,37.1187,0,U,37384,999,5540,0,-.206E-5,0
INTELSAT 28 (IS-28),2011-016A,2026-05-26T22:22:11.464896,1.00273169,.00038887,1.7532,82.8724,341.9818,123.4838,0,U,37392,999,5307,0,-.22E-5,0
YAHSAT 1A,2011-016B,2026-05-26T22:46:10.691040,1.00269551,.00032005,0.0133,340.0310,96.8738,201.6350,0,U,37393,999,4219,0,0,0
SBIRS GEO-1 (USA 230),2011-019A,2026-05-26T05:39:25.299072,1.00272323,.00021588,4.4888,53.1297,3.3471,323.9943,0,U,37481,999,5517,0,.101E-5,0
TELSTAR 14R,2011-021A,2026-05-26T22:13:19.814592,1.00271843,.00025474,0.0177,38.6868,24.3317,91.8281,0,U,37602,999,5562,0,-.276E-5,0
GSAT-8,2011-022A,2026-05-26T22:46:55.619040,1.00271065,.00027717,2.0783,82.0739,227.8375,331.3974,0,U,37605,999,5300,0,.89E-6,0
ST-2,2011-022B,2026-05-26T22:56:17.220768,1.00269247,.00019643,0.0132,277.7416,153.6035,245.2534,0,U,37606,999,5506,0,-.206E-5,0
ZHONGXING-10,2011-026A,2026-05-26T22:55:39.781056,1.00273063,.00033388,0.9942,84.4292,343.6862,245.8348,0,U,37677,999,5478,0,-.184E-5,0
SES-3,2011-035A,2026-05-26T22:01:50.916288,1.00272725,.00029773,1.2737,83.3101,337.5990,51.0496,0,U,37748,999,5438,0,-.98E-6,0
KAZSAT-2,2011-035B,2026-05-26T09:14:35.073888,1.00273278,.00005805,0.0394,260.0466,218.0947,350.9717,0,U,37749,999,5318,0,-.196E-5,0
BEIDOU-2 IGSO-4,2011-038A,2026-05-26T00:42:41.067072,1.00288979,.01584439,54.5934,165.8692,231.3529,309.3814,0,U,37763,999,5442,0,.51E-6,0
ASTRA 1N,2011-041A,2026-05-26T22:36:42.146208,1.00272536,.00059825,0.0922,44.6771,34.9377,163.2655,0,U,37775,999,4431,0,.124E-5,0
BSAT-3C (JCSAT-110R),2011-041B,2026-05-26T23:02:39.111360,1.00271896,.00003049,0.0227,15.3018,106.8455,218.0024,0,U,37776,999,5025,0,-.346E-5,0
PAKSAT-1R,2011-042A,2026-05-26T22:41:54.231648,1.00268976,.00034365,0.6357,84.7757,332.1484,206.0491,0,U,37779,999,5426,0,.158E-5,0
SES-2,2011-049A,2026-05-26T22:06:27.972576,1.00270069,.00030154,0.0243,64.0293,2.6191,62.4572,0,U,37809,999,5375,0,0,0
ARABSAT-5C,2011-049B,2026-05-26T22:36:57.121920,1.00273404,.00032898,0.0495,355.7844,90.0117,157.9814,0,U,37810,999,5382,0,.128E-5,0
EUTELSAT 7 WEST A,2011-051A,2026-05-26T22:29:12.863616,1.00271267,.00041171,0.0669,11.7722,60.6343,142.0948,0,U,37816,999,5366,0,-.56E-6,0
QUETZSAT 1,2011-054A,2026-05-26T08:27:54.548352,1.00272153,.00027693,0.0603,80.7318,340.9138,232.2584,0,U,37826,999,4965,0,-.239E-5,0
INTELSAT 18 (IS-18),2011-056A,2026-05-26T19:57:13.781664,1.00272564,.00021233,0.0179,350.3981,84.3393,288.9672,0,U,37834,999,5359,0,.57E-6,0
EUTELSAT 16A,2011-057A,2026-05-26T22:35:49.729920,1.00271372,.00059084,0.0469,5.3686,65.9811,168.1110,0,U,37836,999,712,0,.108E-5,0
VIASAT-1,2011-059A,2026-05-26T15:07:44.515776,1.00270756,.0002403,0.0186,302.9117,125.8860,287.2326,0,U,37843,999,4710,0,-.2E-6,0
ASIASAT 7,2011-069A,2026-05-26T23:01:16.742784,1.00269553,.00016119,0.0268,271.4283,145.5733,278.3392,0,U,37933,999,4464,0,-.329E-5,0
BEIDOU-2 IGSO-5,2011-073A,2026-05-26T19:52:21.640800,1.00254290,.01123395,47.7178,271.8081,220.8703,141.4957,0,U,37948,999,5292,0,-.226E-5,0
LUCH-5A,2011-074B,2026-05-26T14:45:31.644576,1.00268816,.0002448,8.7017,74.1217,354.5964,203.9510,0,U,37951,999,5283,0,-.47E-6,0
NIGCOMSAT 1R,2011-077A,2026-05-26T14:10:01.772256,1.00275796,.0002212,0.0554,118.7093,240.1486,140.3530,0,U,38014,999,5274,0,.148E-5,0
WGS F4 (USA 233),2012-003A,2026-05-26T21:13:48.022176,1.00267631,.00008653,0.0174,315.9987,338.7919,356.5178,0,U,38070,999,4393,0,0,0
SES-4,2012-007A,2026-05-26T20:42:16.962048,1.00270389,.00024067,0.0278,27.7425,41.8790,103.3889,0,U,38087,999,5201,0,-.164E-5,0
BEIDOU-2 G5,2012-008A,2026-05-26T22:47:55.522752,1.00275643,.00106991,3.5234,69.8290,272.3654,303.0452,0,U,38091,999,5215,0,.6E-6,0
MUOS-1,2012-009A,2026-05-26T14:55:03.210816,1.00271504,.00591231,5.4329,47.1682,0.1863,320.6769,0,U,38093,999,5222,0,-.126E-5,0
INTELSAT 22 (IS-22),2012-011A,2026-05-26T22:51:47.651904,1.00271519,.00021091,0.0142,312.4750,108.1968,238.8914,0,U,38098,999,697,0,-.54E-6,0
APSTAR-7,2012-013A,2026-05-26T14:19:45.838848,1.00272038,.00028051,0.0410,111.5175,323.1677,100.9297,0,U,38107,999,5159,0,-.98E-6,0
YAHSAT 1B,2012-016A,2026-05-26T21:02:11.853312,1.00271791,.00026959,0.0935,90.9932,349.8282,166.7735,0,U,38245,999,4539,0,.131E-5,0
AEHF-2 (USA 235),2012-019A,2026-05-26T13:53:10.887936,1.00271322,.00023996,6.6015,57.6448,357.8237,20.5101,0,U,38254,999,677,0,-.133E-5,0
JCSAT-13,2012-023A,2026-05-26T23:06:38.727936,1.00270600,.0002719,0.0367,100.2216,335.7596,279.2134,0,U,38331,999,5132,0,-.352E-5,0
VINASAT-2,2012-023B,2026-05-26T18:00:47.443968,1.00271499,.00025743,0.0354,53.0881,25.4473,207.8318,0,U,38332,999,4644,0,-.325E-5,0
NIMIQ 6,2012-026A,2026-05-26T13:31:57.922176,1.00271424,.00028054,0.0411,90.5913,332.7270,292.7049,0,U,38342,999,5019,0,-.171E-5,0
ZHONGXING-2A,2012-028A,2026-05-26T22:59:16.933632,1.00272391,.00031361,1.4017,84.1473,31.2357,212.2026,0,U,38352,999,5108,0,-.288E-5,0
INTELSAT 19 (IS-19),2012-030A,2026-05-26T19:40:38.534016,1.00272643,.00031361,0.0173,315.7621,113.6562,276.1377,0,U,38356,999,5023,0,-.52E-6,0
ECHOSTAR 17,2012-035A,2026-05-26T22:00:43.524288,1.00270029,.00022096,0.0191,318.0476,109.5206,39.9900,0,U,38551,999,5085,0,0,0
METEOSAT-10 (MSG-3),2012-035B,2026-05-26T22:31:20.161056,1.00273863,.0001968,4.6235,61.1190,329.2986,191.9921,0,U,38552,999,5064,0,-.3E-7,0
SES-5,2012-036A,2026-05-26T22:32:42.528768,1.00272264,.00020319,0.0519,306.9100,117.3490,163.4044,0,U,38652,999,4424,0,.38E-6,0
INTELSAT 20 (IS-20),2012-043A,2026-05-26T20:25:38.690400,1.00272057,.0001625,0.0062,138.8218,42.3564,78.1571,0,U,38740,999,5053,0,-.2E-6,0
HYLAS 2,2012-043B,2026-05-26T22:10:35.078304,1.00270805,.00029971,2.3745,81.3189,5.8283,57.4223,0,U,38741,999,5056,0,-.253E-5,0
INTELSAT 21 (IS-21),2012-045A,2026-05-26T22:14:42.183168,1.00271200,.00019421,0.0163,344.6594,87.0688,88.4402,0,U,38749,999,5031,0,-.281E-5,0
ASTRA 2F,2012-051A,2026-05-26T14:05:54.667392,1.00274305,.00009664,0.0313,255.1683,266.6580,322.0137,0,U,38778,999,4092,0,.153E-5,0
GSAT-10,2012-051B,2026-05-26T22:54:54.853056,1.00273145,.00077635,0.0406,261.4673,183.0092,226.7624,0,U,38779,999,4988,0,-.161E-5,0
INTELSAT 23 (IS-23),2012-057A,2026-05-26T22:16:04.551744,1.00270101,.00001821,0.0162,293.7854,257.8498,333.8869,0,U,38867,999,4974,0,-.28E-5,0
BEIDOU-2 G6,2012-059A,2026-05-26T21:12:33.141888,1.00269620,.00104048,4.3701,73.7495,322.9747,249.8709,0,U,38953,999,4969,0,-.171E-5,0
LUCH-5B,2012-061A,2026-05-26T00:51:38.752416,1.00270481,.0001449,10.4386,50.1036,142.2880,47.7693,0,U,38977,999,4938,0,-.14E-5,0
YAMAL 300K,2012-061B,2026-05-26T18:15:23.545152,1.00272524,.00009637,0.0176,267.6724,291.7229,141.7204,0,U,38978,999,4941,0,.75E-6,0
STAR ONE C3,2012-062A,2026-05-26T22:09:50.150304,1.00271199,.00028041,0.0230,279.4589,165.5418,56.9508,0,U,38991,999,4955,0,-.245E-5,0
EUTELSAT 21B,2012-062B,2026-05-26T22:37:19.585920,1.00270771,.00029798,0.0674,359.2369,66.9332,179.2605,0,U,38992,999,4961,0,.134E-5,0
ECHOSTAR 16,2012-065A,2026-05-26T22:13:42.278592,1.00271295,.00023033,0.0179,333.4658,93.6766,89.2782,0,U,39008,999,4943,0,-.278E-5,0
ZHONGXING-12,2012-067A,2026-05-26T21:13:33.045600,1.00271284,.00030957,0.0502,106.5604,313.3448,230.4227,0,U,39017,999,4929,0,-.202E-5,0
EUTELSAT 70B,2012-069A,2026-05-26T22:51:17.699616,1.00272991,.00042238,0.0691,328.8102,90.4899,238.5534,0,U,39020,999,4929,0,-.39E-6,0
YAMAL 402,2012-070A,2026-05-26T22:46:55.619040,1.00272406,.00039839,1.2127,84.4109,338.2559,218.4761,0,U,39022,999,4918,0,.9E-6,0
SKYNET 5D,2012-075A,2026-05-26T14:13:01.485120,1.00274552,.00038632,0.0676,0.5220,70.9859,78.6890,0,U,39034,999,4894,0,.102E-5,0
MEXSAT 3,2012-075B,2026-05-26T15:07:52.004064,1.00272252,.00017384,0.0417,109.7790,340.6310,265.9345,0,U,39035,999,683,0,-.22E-6,0
TDRS 11,2013-004A,2026-05-26T19:58:36.150240,1.00275230,.00051318,3.4899,30.8970,16.8490,321.9280,0,U,39070,999,4647,0,.82E-6,0
AMAZONAS 3,2013-006A,2026-05-26T08:32:31.604640,1.00275900,.00017675,0.0323,239.6231,204.2875,227.1526,0,U,39078,999,4469,0,-.28E-5,0
AZERSPACE 1,2013-006B,2026-05-26T21:01:41.901024,1.00273551,.000129,0.0025,355.4451,93.0619,157.3517,0,U,39079,999,4859,0,.137E-5,0
SBIRS GEO-2 (USA 241),2013-011A,2026-05-26T00:02:24.733824,1.00271207,.00021276,4.4426,52.4875,4.3774,137.5199,0,U,39120,999,4831,0,-.286E-5,0
EUTELSAT 117 WEST A,2013-012A,2026-05-26T21:57:58.787136,1.00272420,.00027625,0.0177,4.0380,60.2504,32.8793,0,U,39122,999,4822,0,-.9E-7,0
ANIK G1,2013-014A,2026-05-26T22:00:36.036000,1.00271801,.00018818,0.0160,343.6328,66.4731,57.2110,0,U,39127,999,4804,0,-.7E-6,0
ZHONGXING-11,2013-020A,2026-05-26T22:59:09.446208,1.00273126,.00022274,0.0127,321.2460,97.3031,268.6520,0,U,39157,999,4768,0,-.286E-5,0
EUTELSAT 7B,2013-022A,2026-05-26T22:33:12.481056,1.00272177,.0005419,0.0763,21.6465,11.4153,196.7319,0,U,39163,999,4773,0,.52E-6,0
WGS F5 (USA 243),2013-024A,2026-05-26T18:50:57.634656,1.00271828,.0000222,0.0182,292.2803,90.3899,91.9107,0,U,39168,999,4696,0,-.281E-5,0
SES-6,2013-026A,2026-05-26T23:08:32.337024,1.00271172,.00027602,0.0237,312.2523,118.9388,119.9705,0,U,39172,999,4751,0,-.257E-5,0
IRNSS-1A,2013-034A,2026-05-22T20:37:38.469792,1.00280263,.00166187,35.6649,64.2334,185.3754,355.4646,0,U,39199,999,4711,0,.59E-6,0
MUOS-2,2013-036A,2026-05-26T21:37:45.725088,1.00269553,.0050304,4.9538,45.4984,178.5667,156.8416,0,U,39206,999,4697,0,-.1E-6,0
ALPHASAT,2013-038A,2026-05-26T17:30:19.694304,1.00276855,.00021198,2.9967,1.4748,56.2173,114.0228,0,U,39215,999,4380,0,.136E-5,0
INSAT-3D,2013-038B,2026-05-26T23:08:08.584800,1.00273308,.00008955,1.8733,82.7963,324.6623,313.6247,0,U,39216,999,4686,0,-.334E-5,0
WGS F6 (USA 244),2013-041A,2026-05-26T12:00:51.861600,1.00272290,.00003369,0.0182,339.1186,88.1836,221.7970,0,U,39222,999,4584,0,.92E-6,0
ES'HAIL 1,2013-044A,2026-05-26T22:38:26.978784,1.00272220,.00027192,0.0533,12.8215,47.9705,188.8097,0,U,39233,999,4641,0,.148E-5,0
GSAT-7,2013-044B,2026-05-26T22:52:25.091616,1.00271799,.00033535,0.0966,92.4980,205.0918,4.0420,0,U,39234,999,4504,0,-.73E-6,0
AMOS-4,2013-045A,2026-05-26T22:49:47.843616,1.00271015,.00027801,0.0103,306.3690,97.9518,247.6507,0,U,39237,999,4674,0,.12E-6,0
AEHF-3 (USA 246),2013-050A,2026-05-26T21:55:44.002272,1.00276168,.00880603,5.2420,67.3857,188.4260,193.4549,0,U,39256,999,4544,0,.32E-6,0
ASTRA 2E,2013-056A,2026-05-26T22:39:19.395072,1.00273690,.00025855,0.0691,319.6888,111.3911,181.7909,0,U,39285,999,4620,0,.155E-5,0
FM-6,2013-058A,2026-05-26T21:57:58.787136,1.00270310,.00019007,0.0038,358.4251,142.3974,316.7882,0,U,39360,999,4586,0,-.11E-6,0
RADUGA-1M 3,2013-062A,2026-05-26T20:58:34.699872,1.00272723,.00013708,5.9062,72.6225,273.5571,247.8787,0,U,39375,999,4589,0,.157E-5,0
SES-8,2013-071A,2026-05-26T22:58:17.029920,1.00270324,.00028259,0.0232,280.3058,153.3515,250.4385,0,U,39460,999,4421,0,-.265E-5,0
INMARSAT 5-F1,2013-073A,2026-05-26T14:32:51.736704,1.00272380,.0000399,0.0168,341.3683,352.7781,190.8811,0,U,39476,999,4536,0,.31E-6,0
TKSAT-1 (TUPAC KATARI),2013-075A,2026-05-26T22:06:20.485152,1.00272620,.00027486,0.0474,115.9658,296.6819,76.2312,0,U,39481,999,4539,0,-.191E-5,0
EXPRESS-AM5,2013-077A,2026-05-26T23:11:08.297664,1.00272999,.00012098,0.0189,296.8907,38.5762,36.8941,0,U,39487,999,4614,0,-.275E-5,0
GSAT-14,2014-001A,2026-05-26T22:52:25.091616,1.00271602,.00005042,0.0511,108.0322,268.6072,284.9896,0,U,39498,999,4516,0,-.73E-6,0
THAICOM 6,2014-002A,2026-05-26T22:53:39.972768,1.00272273,.00043306,0.0537,117.6113,337.5238,211.3422,0,U,39500,999,4524,0,-.117E-5,0
TDRS 12,2014-004A,2026-05-26T20:36:54.976896,1.00274909,.00022632,3.9572,18.7549,213.6878,280.2805,0,U,39504,999,4406,0,-.268E-5,0
ABS-2,2014-006A,2026-05-26T22:52:40.068192,1.00272276,.00040634,0.0610,91.0809,328.9975,242.5380,0,U,39508,999,4506,0,-.82E-6,0
ATHENA-FIDUS,2014-006B,2026-05-26T22:41:54.231648,1.00273252,.00017227,0.0153,314.2677,112.4129,196.1036,0,U,39509,999,4487,0,0,0
TURKSAT 4A,2014-007A,2026-05-26T21:00:34.509024,1.00271444,.00017786,0.0417,299.5651,36.7694,265.2341,0,U,39522,999,4475,0,.15E-5,0
EXPRESS-AT1,2014-010A,2026-05-26T22:48:25.475040,1.00298295,.00031611,0.2044,85.8122,28.9808,171.8912,0,U,39612,999,4460,0,.48E-6,0
EXPRESS-AT2,2014-010B,2026-05-26T22:47:10.594752,1.00270452,.00005096,0.0154,292.9816,30.4890,318.8365,0,U,39613,999,4428,0,.83E-6,0
AMAZONAS 4A,2014-011A,2026-05-26T22:10:12.614304,1.00272638,.00033914,0.0586,152.7634,296.2314,54.0559,0,U,39616,999,4450,0,-.248E-5,0
ASTRA 5B,2014-011B,2026-05-26T19:12:40.552704,1.00271566,.00025249,0.0521,323.1719,74.2565,158.5858,0,U,39617,999,4445,0,.141E-5,0
IRNSS-1B,2014-017A,2026-05-19T20:39:38.653920,1.00280229,.00242269,28.9733,240.8911,185.2284,176.5740,0,U,39635,999,4451,0,.103E-5,0
LUCH-5V,2014-023A,2026-05-26T20:42:21.517056,1.00271810,.00023371,5.0830,69.9632,15.3254,204.4987,0,U,39727,999,4414,0,-.265E-5,0
KAZSAT-3,2014-023B,2026-05-26T10:49:17.545728,1.00274191,.00003908,0.0472,85.5790,48.7286,330.5448,0,U,39728,999,4224,0,.63E-6,0
EUTELSAT 3B,2014-030A,2026-05-26T22:32:05.089056,1.00273114,.00039888,0.0678,330.1119,99.8598,155.6659,0,U,39773,999,4385,0,.25E-6,0
ASIASAT 8 (AMOS-7),2014-046A,2026-05-26T23:01:16.742784,1.00272441,.00015181,0.0499,97.0747,318.0856,280.0093,0,U,40107,999,10193,0,-.329E-5,0
ASIASAT 6,2014-052A,2026-05-26T19:40:07.920768,1.00271742,.00008899,0.0538,96.3200,327.9532,235.0671,0,U,40141,999,4286,0,-.358E-5,0
OPTUS 10,2014-054A,2026-05-26T19:40:38.534016,1.00270995,.0002058,0.1121,337.1194,86.7563,271.6802,0,U,40146,999,4281,0,-.144E-5,0
MEASAT-3B,2014-054B,2026-05-26T22:57:17.126208,1.00271534,.00032599,0.0590,56.3277,356.9385,267.1014,0,U,40147,999,4269,0,-.237E-5,0
HIMAWARI-8,2014-060A,2026-05-26T21:28:39.099072,1.00270773,.0001155,0.0106,297.2925,151.9514,258.0249,0,U,40267,999,4254,0,-.272E-5,0
IRNSS-1C,2014-061A,2026-05-26T21:12:03.189600,1.00272704,.00224966,6.4639,89.3314,0.1128,196.0481,0,U,40269,999,4247,0,-.157E-5,0
INTELSAT 30 (IS-30),2014-062A,2026-05-26T22:04:05.701152,1.00271532,.00009566,0.0302,52.2252,344.8422,83.3912,0,U,40271,999,658,0,-.147E-5,0
ARSAT 1,2014-062B,2026-05-26T22:10:42.565728,1.00270866,.00019116,0.0530,77.6453,339.7237,87.9882,0,U,40272,999,4241,0,-.255E-5,0
EUTELSAT 53A,2014-064A,2026-05-26T14:13:01.485120,1.00270366,.00004878,0.0155,285.8607,223.7410,0.8175,0,U,40277,999,4135,0,.101E-5,0
GSAT-16,2014-078A,2026-05-26T22:46:55.619040,1.00270501,.00079926,0.0228,53.8748,25.7537,201.6956,0,U,40332,999,4189,0,0,0
DIRECTV 14,2014-078B,2026-05-26T13:29:35.649024,1.00272488,.00001659,0.0100,336.1292,215.1905,155.9751,0,U,40333,999,4182,0,-.123E-5,0
YAMAL 401,2014-082A,2026-05-26T22:56:54.662208,1.00271781,.0000605,0.0179,277.1174,273.7320,127.8520,0,U,40345,999,4170,0,0,0
ASTRA 2G,2014-089A,2026-05-26T22:39:19.395072,1.00272831,.00050047,0.0585,27.8462,32.4045,192.2809,0,U,40364,999,4175,0,.154E-5,0
FENGYUN 2G,2014-090A,2026-05-26T16:08:56.095872,1.00259868,.00027849,5.5872,73.0723,135.1074,17.5054,0,U,40367,999,4178,0,-.294E-5,0
MUOS-3,2015-002A,2026-05-26T22:26:50.592192,1.00272794,.00512708,4.4807,43.4261,179.1463,343.1857,0,U,40374,999,4137,0,-.125E-5,0
INMARSAT 5-F2,2015-005A,2026-05-26T20:32:55.360320,1.00271907,.00013125,0.0164,342.5561,198.5461,316.5121,0,U,40384,999,4078,0,-.281E-5,0
ABS-3A,2015-010A,2026-05-26T08:49:07.514976,1.00271281,.00017722,0.0107,314.2998,69.8019,349.1401,0,U,40424,999,4115,0,-.24E-6,0
EUTELSAT 115 WEST B,2015-010B,2026-05-26T09:59:44.794752,1.00271342,.0000126,0.0143,139.7696,104.5656,34.6913,0,U,40425,999,4117,0,-.22E-6,0
EXPRESS-AM7,2015-012A,2026-05-26T14:09:16.844256,1.00273287,.00032398,0.0150,298.2303,133.9611,64.3019,0,U,40505,999,4079,0,.154E-5,0
BEIDOU-3S IGSO-1S,2015-019A,2026-05-26T21:15:02.901600,1.00255071,.00381028,49.2354,295.7150,190.1171,170.5285,0,U,40549,999,4086,0,-.192E-5,0
THOR 7,2015-022A,2026-05-26T22:31:05.185344,1.00271406,.00027492,0.0315,128.4640,294.1074,159.0483,0,U,40613,999,4060,0,-.4E-7,0
TURKMENALEM52E/MONACOSAT,2015-023A,2026-05-26T22:46:03.202752,1.00274386,.00030903,0.0162,33.6911,32.8598,211.5089,0,U,40617,999,4063,0,.108E-5,0
DIRECTV 15,2015-026A,2026-05-26T20:19:11.676288,1.00271750,.00002992,0.0184,328.8238,90.4543,27.0595,0,U,40663,999,4024,0,0,0
SKY MEXICO-1,2015-026B,2026-05-26T22:08:42.758304,1.00270716,.00021357,0.0124,288.6175,151.8328,57.4083,0,U,40664,999,4024,0,-.23E-5,0
METEOSAT-11 (MSG-4),2015-034A,2026-05-26T22:33:49.921632,1.00273653,.00016541,3.1489,71.2225,0.5749,160.4325,0,U,40732,999,700,0,.66E-6,0
STAR ONE C4,2015-034B,2026-05-26T10:12:36.063360,1.00280172,.00025901,0.0279,11.2800,47.8886,267.9777,0,U,40733,999,3979,0,-.263E-5,0
WGS F7 (USA 263),2015-036A,2026-05-26T12:49:38.559648,1.00269738,.00004154,0.0110,78.3457,68.7914,104.3817,0,U,40746,999,3965,0,.2E-6,0
INTELSAT 34 (IS-34),2015-039A,2026-05-26T10:16:43.168224,1.00271271,.0000467,0.0107,312.9396,31.4609,358.2943,0,U,40874,999,3941,0,-.283E-5,0
EUTELSAT 8 WEST B,2015-039B,2026-05-26T22:28:57.887904,1.00271718,.00038914,0.0658,359.6048,64.4860,149.6606,0,U,40875,999,3944,0,-.61E-6,0
GSAT-6,2015-041A,2026-05-26T22:54:47.364768,1.00273320,.00034144,1.8652,82.8437,340.0362,247.8333,0,U,40880,999,3938,0,-.156E-5,0
INMARSAT 5-F3,2015-042A,2026-05-26T12:41:38.866848,1.00268439,.00003764,0.0177,331.0797,109.1936,173.8323,0,U,40882,999,3935,0,0,0
MUOS-4,2015-044A,2026-05-26T19:27:09.164736,1.00272794,.00600332,4.2916,42.1209,3.7985,205.2500,0,U,40887,999,3934,0,-.91E-6,0
TJS-1,2015-046A,2026-05-26T14:42:01.980288,1.00270229,.0006024,0.2693,84.9874,345.3647,189.3027,0,U,40892,999,3935,0,-.153E-5,0
EXPRESS-AM8,2015-048A,2026-05-26T15:36:34.253280,1.00272534,.0000505,0.0165,291.1396,59.0976,114.1295,0,U,40895,999,3913,0,-.108E-5,0
BEIDOU-3S IGSO-2S,2015-053A,2026-05-26T18:52:21.789984,1.00264631,.00647044,49.2544,259.0355,191.6278,172.8989,0,U,40938,999,3914,0,-.177E-5,0
SKY MUSTER 1 (NBN1A),2015-054A,2026-05-26T23:11:15.785952,1.00271340,.00018444,0.0160,303.6295,118.3835,310.5944,0,U,40940,999,3904,0,-.274E-5,0
ARSAT 2,2015-054B,2026-05-26T22:08:05.317728,1.00271323,.00023529,0.0540,81.1946,332.2608,82.0541,0,U,40941,999,3909,0,-.221E-5,0
MORELOS 3,2015-056A,2026-05-26T20:16:19.451712,1.00272659,.00021247,3.1704,14.4964,358.5687,62.3384,0,U,40946,999,3907,0,-.41E-6,0
APSTAR-9,2015-059A,2026-05-26T16:21:03.834432,1.00270322,.0001606,0.0616,63.8103,116.6446,91.0662,0,U,40982,999,3890,0,-.263E-5,0
TURKSAT 4B,2015-060A,2026-05-26T20:09:38.795904,1.00270814,.00024458,0.0418,108.2654,311.1368,177.3930,0,U,40984,999,3888,0,.119E-5,0
ZHONGXING-2C,2015-063A,2026-05-26T23:00:46.791360,1.00273901,.00070192,0.2203,90.9195,100.2625,141.9591,0,U,41021,999,3876,0,-.319E-5,0
GSAT-15,2015-065A,2026-05-26T22:57:54.565920,1.00272927,.00041245,0.0037,302.8458,123.6075,256.0603,0,U,41028,999,3858,0,-.254E-5,0
BADR-7 (ARABSAT-6B),2015-065B,2026-05-26T22:38:41.955360,1.00272250,.00027195,0.0294,236.9353,323.6957,49.5270,0,U,41029,999,3855,0,.149E-5,0
LAOSAT 1,2015-067A,2026-05-26T23:07:53.609088,1.00274002,.00025189,0.0091,84.2035,301.0655,334.7567,0,U,41034,999,3864,0,-.338E-5,0
TELSTAR 12V,2015-068A,2026-05-26T15:36:19.276704,1.00271800,.00024835,0.0425,115.8667,305.4931,41.9446,0,U,41036,999,3841,0,-.115E-5,0
ELEKTRO-L 2,2015-074A,2026-05-26T01:55:02.394912,1.00271926,.00014434,6.6410,70.7915,269.2048,277.9183,0,U,41105,999,3828,0,-.116E-5,0
COSMOS 2513,2015-075A,2026-05-26T21:11:25.749024,1.00271537,.00034497,0.0738,99.3140,320.1378,223.1115,0,U,41121,999,3833,0,-.134E-5,0
EXPRESS-AMU1,2015-082A,2026-05-26T20:58:49.675584,1.00270123,.00031042,0.0182,332.9045,91.3051,171.0222,0,U,41191,999,3805,0,0,0
GAOFEN-4,2015-083A,2026-05-26T19:36:00.815040,1.00271284,.00041089,0.3042,83.6748,115.2898,85.0973,0,U,41194,999,3831,0,-.331E-5,0
BELINTERSAT-1,2016-001A,2026-05-26T22:45:55.715328,1.00274182,.00021591,0.0198,201.9897,188.7747,246.7191,0,U,41238,999,3802,0,.111E-5,0
IRNSS-1E,2016-003A,2026-05-26T16:12:33.249312,1.00274907,.00177931,33.1892,60.0615,181.1557,357.9643,0,U,41241,999,3786,0,-.31E-5,0
EUTELSAT 9B,2016-005A,2026-05-26T08:52:29.691840,1.00273895,.00021006,0.0334,48.6440,346.2955,351.1427,0,U,41310,999,3789,0,.64E-6,0
SES-9,2016-013A,2026-05-26T11:03:31.181184,1.00271708,.00023646,0.0121,352.3644,79.6356,86.2154,0,U,41380,999,3722,0,-.343E-5,0
EUTELSAT 65 WEST A,2016-014A,2026-05-26T22:12:42.374880,1.00272468,.00025223,0.0679,37.2976,21.9392,93.2418,0,U,41382,999,3731,0,-.272E-5,0
IRNSS-1F,2016-015A,2026-05-26T14:07:02.059392,1.00271994,.00168594,5.2950,97.2710,187.4048,203.6639,0,U,41384,999,3745,0,.162E-5,0
BEIDOU-2 IGSO-6,2016-021A,2026-05-26T16:07:03.775872,1.00263644,.00575036,60.1969,38.2523,232.1679,309.6086,0,U,41434,999,3726,0,-.179E-5,0
IRNSS-1G,2016-027A,2026-05-26T19:42:45.169632,1.00276903,.00073318,5.1451,97.9677,349.1961,222.4098,0,U,41469,999,3696,0,-.329E-5,0
JCSAT-2B,2016-028A,2026-05-26T09:37:35.745888,1.00268342,.00012235,0.0179,329.5281,104.1075,108.7312,0,U,41471,999,3691,0,0,0
THAICOM 8,2016-031A,2026-05-26T22:53:39.972768,1.00272440,.00039354,0.0655,47.2688,0.2009,259.0066,0,U,41552,999,3650,0,-.117E-5,0
INTELSAT 31 (IS-31),2016-035A,2026-05-26T10:05:29.244768,1.00272474,.00011723,0.0138,259.0525,16.7691,24.4979,0,U,41581,999,3646,0,-.148E-5,0
BEIDOU-2 G7,2016-037A,2026-05-26T23:02:46.598784,1.00275499,.00070609,1.6698,69.1513,356.1234,275.4475,0,U,41586,999,667,0,-.349E-5,0
ABS-2A (MONGOLSAT-1),2016-038A,2026-05-26T21:09:55.893024,1.00267966,.00016583,0.0191,292.0540,81.1739,263.4304,0,U,41588,999,3649,0,0,0
EUTELSAT 117 WEST B,2016-038B,2026-05-26T09:59:14.843328,1.00271833,.00000856,0.0047,130.7545,91.1425,54.9124,0,U,41589,999,3644,0,-.9E-7,0
BRISAT,2016-039A,2026-05-26T19:14:38.804064,1.00271122,.00021434,0.0193,303.1964,119.6516,260.6758,0,U,41591,999,3639,0,-.193E-5,0
ECHOSTAR 18,2016-039B,2026-05-26T10:15:05.823936,1.00273925,.00018517,0.0190,319.3308,112.9670,264.1069,0,U,41592,999,3640,0,0,0
MUOS-5,2016-041A,2026-05-26T22:00:36.036000,1.00268570,.01960071,2.2481,301.2779,261.0716,267.1143,0,U,41622,999,3687,0,-.149E-5,0
TIANTONG-1 1,2016-048A,2026-05-26T21:02:21.558624,1.00269938,.00064598,3.8103,43.2515,35.2980,222.8906,0,U,41725,999,3605,0,-.314E-5,0
JCSAT-16,2016-050A,2026-05-26T18:04:17.109984,1.00269956,.0001177,0.0187,325.0554,120.6987,213.5712,0,U,41729,999,3585,0,0,0
USA 270,2016-052A,2026-05-24T08:49:35.275296,1.00279232,.0008631,4.1376,77.4847,334.8808,145.8544,0,U,41744,999,2789,0,.73E-6,0
USA 271,2016-052B,2026-05-24T09:34:51.738816,1.00277427,.0011481,4.1119,77.5597,149.6685,281.5069,0,U,41745,999,2768,0,-.361E-5,0
INTELSAT 36 (IS-36),2016-053A,2026-05-26T22:50:47.748192,1.00271890,.00017085,0.0129,353.4057,341.2574,321.0681,0,U,41747,999,3574,0,-.2E-6,0
INSAT-3DR,2016-054A,2026-05-26T22:52:25.091616,1.00272643,.00106289,0.1208,87.3507,190.6160,23.6688,0,U,41752,999,3560,0,-.73E-6,0
GSAT-18,2016-060A,2026-05-26T22:52:17.604192,1.00272106,.00056772,0.0721,96.4205,331.9825,233.1961,0,U,41793,999,3531,0,-.73E-6,0
SKY MUSTER 2 (NBN1B),2016-060B,2026-05-26T09:45:01.137888,1.00275471,.00016757,0.0119,289.2378,124.8043,121.0005,0,U,41794,999,3530,0,-.241E-5,0
HIMAWARI-9,2016-064A,2026-05-26T23:11:23.274240,1.00272553,.00011545,0.0298,131.0709,339.2644,262.8162,0,U,41836,999,3499,0,-.27E-5,0
SHIJIAN-17 (SJ-17),2016-065A,2026-05-25T08:26:58.886016,0.99854587,.0001861,5.6974,72.8752,9.9411,196.9977,0,U,41838,999,3497,0,-.124E-5,0
GOES 16,2016-071A,2026-05-26T22:01:20.964000,1.00272972,.00007918,0.2885,85.7172,283.5573,100.8859,0,U,41866,999,3489,0,-.87E-6,0
TIANLIAN 1-04,2016-072A,2026-05-26T19:56:21.366240,1.00272626,.0041199,0.8136,82.9922,90.6382,186.6362,0,U,41869,999,3508,0,.35E-6,0
WGS F8 (USA 272),2016-075A,2026-05-26T05:12:38.540736,1.00272560,.00002266,0.0052,352.2527,3.3971,116.1087,0,U,41879,999,3460,0,-.201E-5,0
FENGYUN 4A,2016-077A,2026-05-26T23:06:31.239648,1.00263773,.00082774,2.2715,80.5080,145.7333,128.4531,0,U,41882,999,3471,0,-.353E-5,0
ECHOSTAR 19,2016-079A,2026-05-26T22:03:35.748000,1.00271268,.00015573,0.0175,352.3097,74.2580,51.7145,0,U,41893,999,3449,0,-.134E-5,0
JCSAT-110A (JCSAT-15),2016-082A,2026-05-26T14:20:25.157760,1.00271359,.00008685,0.0180,327.7406,119.1834,122.4162,0,U,41903,999,3454,0,-.348E-5,0
STAR ONE D1,2016-082B,2026-05-26T22:07:20.388864,1.00272846,.00020643,0.0257,67.3928,1.9926,62.9470,0,U,41904,999,3456,0,-.207E-5,0
TJS-2,2017-001A,2026-05-26T22:50:10.307616,1.00270849,.00006179,0.7804,85.5940,344.4739,223.5265,0,U,41911,999,3450,0,-.2E-7,0
SBIRS GEO-4 (USA 273),2017-004A,2026-05-26T22:37:12.097632,1.00272548,.00023452,2.2045,42.7248,14.9148,187.0645,0,U,41937,999,3438,0,.127E-5,0
HISPASAT 36W-1,2017-006A,2026-05-26T20:38:17.344608,1.00272556,.00009514,0.0094,267.3230,152.9833,97.7038,0,U,41942,999,3403,0,-.24E-5,0
TELKOM 3S,2017-007A,2026-05-26T23:04:53.896224,1.00268072,.00026093,0.0166,309.6366,123.9636,275.1542,0,U,41944,999,3392,0,0,0
INTELSAT 32E (IS-32E),2017-007B,2026-05-26T23:05:12.602688,1.00270491,.00001862,0.0186,341.4382,343.7703,222.4437,0,U,41945,999,3401,0,-.265E-5,0
ECHOSTAR 23,2017-014A,2026-05-26T10:01:14.651616,1.00270273,.00021744,0.0198,315.1501,116.0627,213.1864,0,U,42070,999,3370,0,0,0
WGS F9 (USA 275),2017-016A,2026-05-26T19:02:26.533824,1.00271944,.00002468,0.0148,277.0229,106.8919,134.0466,0,U,42075,999,3368,0,-.92E-6,0
SES-10,2017-017A,2026-05-26T22:12:12.422592,1.00269696,.00029522,0.0259,36.0238,35.3816,79.2382,0,U,42432,999,3354,0,-.268E-5,0
CHINASAT 16 (SJ-13),2017-018A,2026-05-27T00:45:24.091776,1.00276188,.0003335,0.0981,92.0168,138.5099,135.9354,0,U,42662,999,3353,0,-.348E-5,0
KOREASAT 7,2017-023A,2026-05-26T23:04:16.455648,1.00271236,.00007258,0.0206,356.5240,71.4040,278.5743,0,U,42691,999,3315,0,-.357E-5,0
SGDC,2017-023B,2026-05-26T12:43:07.539168,1.00272599,.00029533,0.0455,95.3881,339.0423,285.6021,0,U,42692,999,3319,0,-.247E-5,0
GSAT-9,2017-024A,2026-05-26T22:59:01.957920,1.00268534,.00020334,0.0433,264.9875,164.4098,257.1639,0,U,42695,999,3308,0,-.281E-5,0
INMARSAT 5-F4,2017-025A,2026-05-26T21:04:41.613888,1.00271322,.00003316,0.0192,329.5388,83.3217,204.2593,0,U,42698,999,3306,0,0,0
SES-15,2017-026A,2026-05-26T21:54:21.633696,1.00269656,.00006528,0.0195,331.4349,76.6827,35.7976,0,U,42709,999,722,0,.64E-6,0
QZS-2 (MICHIBIKI-2),2017-028A,2026-05-25T13:25:01.121664,1.00289658,.07606261,39.4625,243.4883,269.0192,72.4917,0,U,42738,999,739,0,-.23E-5,0
VIASAT-2,2017-029A,2026-05-26T10:12:36.063360,1.00271310,.00001895,0.0139,289.6073,137.2062,260.4519,0,U,42740,999,3298,0,-.263E-5,0
EUTELSAT 172B,2017-029B,2026-05-26T06:13:37.019136,1.00272269,.00001068,0.0213,177.9305,170.2023,161.1073,0,U,42741,999,3352,0,-.4E-7,0
GSAT-19,2017-031A,2026-05-26T21:02:11.853312,1.00272013,.00070827,0.0801,94.0554,337.0125,176.8067,0,U,42747,999,3293,0,.129E-5,0
ECHOSTAR 21,2017-032A,2026-05-26T22:34:12.385632,1.00272364,.00024364,1.7734,354.3724,71.1574,167.7739,0,U,42749,999,3288,0,.67E-6,0
BULGARIASAT-1,2017-038A,2026-05-26T22:31:50.113344,1.00268247,.00037659,0.0232,56.0932,24.4441,143.8230,0,U,42801,999,3263,0,0,0
HELLAS-SAT 3,2017-040A,2026-05-26T20:59:42.091872,1.00275112,.00055192,0.0619,62.2124,342.3783,193.7965,0,U,42814,999,3259,0,.156E-5,0
GSAT-17,2017-040B,2026-05-26T22:57:54.565920,1.00271420,.00023061,0.0745,91.4156,223.3605,7.7093,0,U,42815,999,3257,0,-.253E-5,0
INTELSAT 35E (IS-35E),2017-041A,2026-05-26T23:17:58.682112,1.00269856,.00023288,0.0180,332.6260,90.7476,136.1722,0,U,42818,999,3260,0,0,0
COSMOS 2520,2017-046A,2026-05-26T21:01:26.925312,1.00272574,.00008685,0.0189,80.4388,53.5491,110.8408,0,U,42907,999,3218,0,.141E-5,0
TDRS 13,2017-047A,2026-05-26T22:27:57.984192,1.00272332,.00143304,3.4468,2.2287,101.8818,105.9200,0,U,42915,999,3213,0,-.97E-6,0
QZS-3 (MICHIBIKI-3),2017-048A,2026-05-26T23:07:23.656800,1.00265646,.00020842,0.0686,218.2169,205.2201,294.8885,0,U,42917,999,3204,0,-.344E-5,0
AMAZONAS 5,2017-053A,2026-05-26T10:15:13.312224,1.00270557,.00032194,0.0310,324.2151,53.9389,318.6544,0,U,42934,999,3182,0,-.28E-5,0
ASIASAT 9,2017-057A,2026-05-25T21:26:06.939168,1.00270712,.00025701,0.0037,353.3318,62.8862,270.8905,0,U,42942,999,3163,0,-.359E-5,0
INTELSAT 37E (IS-37E),2017-059A,2026-05-26T19:00:49.190400,1.00269517,.00025836,0.0195,322.7196,116.5909,72.2604,0,U,42950,999,3185,0,0,0
BSAT-4A,2017-059B,2026-05-26T23:02:31.623072,1.00272602,.00045704,0.0368,354.8359,64.4882,280.6678,0,U,42951,999,3158,0,-.346E-5,0
QZS-4 (MICHIBIKI-4),2017-062A,2026-05-26T09:50:21.174720,1.00257852,.07451371,40.1209,343.7585,271.4335,274.9790,0,U,42965,999,3158,0,-.359E-5,0
SES-11 (ECHOSTAR 105),2017-063A,2026-05-26T22:01:20.964000,1.00271797,.00028585,0.0244,21.6616,38.3836,49.8249,0,U,42967,999,3151,0,-.85E-6,0
KOREASAT 5A,2017-067A,2026-05-26T23:03:31.527648,1.00271940,.00009245,0.0100,310.5021,113.3963,279.6684,0,U,42984,999,3131,0,-.354E-5,0
ALCOMSAT 1,2017-078A,2026-05-26T20:41:32.034048,1.00271289,.00026824,0.0095,313.6914,99.6649,116.6707,0,U,43039,999,3108,0,-.182E-5,0
SBIRS GEO-3 (USA 282),2018-009A,2026-05-26T02:56:32.119872,1.00272524,.00022455,2.1697,11.0895,45.0957,72.2441,0,U,43162,999,3062,0,.128E-5,0
AL YAH 3,2018-012A,2026-05-26T20:42:39.426048,1.00272046,.00043363,1.4988,83.3541,342.2882,109.3566,0,U,43174,999,3063,0,-.151E-5,0
SES-14,2018-012B,2026-05-26T20:35:02.656896,1.00270732,.00011126,0.0328,49.4984,11.4290,84.7534,0,U,43175,999,681,0,-.274E-5,0
GOES 17,2018-022A,2026-05-26T22:05:43.044576,1.00271693,.00006683,0.8860,86.0134,345.9080,54.5049,0,U,43226,999,3021,0,-.178E-5,0
HISPASAT 30W-6,2018-023A,2026-05-26T04:22:14.093184,1.00270620,.00064184,0.0503,47.1843,11.0401,221.0840,0,U,43228,999,3018,0,-.215E-5,0
SUPERBIRD-B3,2018-033A,2026-05-26T21:34:46.012224,1.00271336,.00011611,0.0118,293.7986,148.9060,287.4487,0,U,43271,999,2984,0,-.88E-6,0
HYLAS 4,2018-033B,2026-05-26T10:23:05.057952,1.00274382,.00011914,0.0534,99.4754,337.9009,288.8878,0,U,43272,999,2984,0,-.231E-5,0
IRNSS-1I,2018-035A,2026-05-26T21:04:11.661600,1.00274839,.00175773,29.1290,74.5242,177.8193,3.1448,0,U,43286,999,2986,0,.8E-6,0
USA 283,2018-036A,2026-05-26T09:48:40.523904,1.00270369,.0000431,0.0117,301.0360,135.0359,89.1771,0,U,43339,999,2507,0,0,0
COSMOS 2526,2018-037A,2026-05-25T09:29:07.928160,1.00272795,.00004712,0.0147,3.0496,211.5213,298.7509,0,U,43432,999,2973,0,-.346E-5,0
APSTAR-6C,2018-041A,2026-05-26T23:09:30.953376,1.00272919,.0001698,0.0290,340.1186,18.2006,7.5945,0,U,43450,999,2959,0,-.313E-5,0
BANGABANDHUSAT-1,2018-044A,2026-05-26T14:31:55.449696,1.00268377,.00022752,0.0171,311.0317,118.2085,152.0157,0,U,43463,999,2949,0,0,0
SES-12,2018-049A,2026-05-26T00:22:21.633024,1.00272005,.00011124,0.0413,68.5899,244.3418,31.2613,0,U,43488,999,2919,0,-.269E-5,0
FENGYUN 2H,2018-050A,2026-05-26T22:53:54.949344,1.00272006,.00014892,2.9792,79.3154,141.9824,86.1409,0,U,43491,999,2922,0,-.126E-5,0
BEIDOU-2 IGSO-7,2018-057A,2026-05-26T23:03:01.575360,1.00257552,.01044299,55.1908,163.2423,237.9612,300.4990,0,U,43539,999,2891,0,-.3E-7,0
TELSTAR 19V,2018-059A,2026-05-25T22:21:50.720256,1.00277067,.00021452,0.0283,187.0642,270.4920,58.4248,0,U,43562,999,2892,0,-.279E-5,0
TELKOM 4 (MERAH PUTIH),2018-064A,2026-05-26T23:02:01.670784,1.00268365,.00016767,0.0154,316.7567,132.0761,249.1990,0,U,43587,999,2866,0,0,0
TELSTAR 18V,2018-069A,2026-05-26T09:29:18.660768,1.00273627,.00021035,0.0156,283.2127,131.6722,109.4086,0,U,43611,999,2842,0,-.291E-5,0
AZERSPACE 2 (IS-38),2018-074A,2026-05-26T20:09:38.795904,1.00272097,.00015467,0.0179,313.5373,115.7346,162.6526,0,U,43632,999,2823,0,.14E-5,0
HORIZONS-3E,2018-074B,2026-05-26T06:12:44.602848,1.00271176,.00006492,0.0077,65.6527,223.3696,216.9818,0,U,43633,999,2812,0,-.29E-6,0
AEHF-4 (USA 288),2018-079A,2026-05-26T22:12:04.935168,1.00268318,.00620206,1.4288,2.1634,357.3423,150.4286,0,U,43651,999,2808,0,-.271E-5,0
BEIDOU-3 G1,2018-085A,2026-05-26T21:34:08.571648,1.00271638,.00081639,2.8167,97.9510,342.6883,287.3290,0,U,43683,999,2784,0,-.104E-5,0
GSAT-29,2018-089A,2026-05-26T22:46:55.619040,1.00274636,.00035463,0.0093,304.5780,113.1058,223.6614,0,U,43698,999,2757,0,0,0
ES'HAIL 2,2018-090A,2026-05-26T22:38:34.467072,1.00273722,.00018165,0.0149,281.1294,177.0060,151.8170,0,U,43700,999,2746,0,.149E-5,0
GEO-KOMPSAT-2A,2018-100A,2026-05-26T14:34:32.697696,1.00270642,.00023054,0.0526,114.0627,323.3429,153.6682,0,U,43823,999,2741,0,-.341E-5,0
GSAT-11,2018-100B,2026-05-26T22:52:17.604192,1.00272071,.00078012,0.0765,260.5978,180.4630,220.5295,0,U,43824,999,2726,0,-.73E-6,0
GSAT-7A,2018-105A,2026-05-26T22:49:10.403040,1.00273313,.00028139,0.0430,260.4489,139.6320,249.4905,0,U,43864,999,2723,0,.31E-6,0
COSMOS 2533,2018-107A,2026-05-26T16:00:31.955328,1.00270635,.0000558,0.0172,62.1027,65.5700,66.6927,0,U,43867,999,2723,0,0,0
TJS-3,2018-110A,2026-05-26T14:22:24.859776,1.00268417,.0001412,2.4914,80.7437,46.2818,120.8841,0,U,43874,999,2720,0,-.214E-5,0
ZHONGXING-2D,2019-001A,2026-05-26T16:17:40.257888,1.00268896,.0000832,0.0156,345.5080,23.0389,250.0882,0,U,43920,999,5386,0,-.334E-5,0
HELLAS-SAT 4 & SGS-1,2019-007A,2026-05-26T14:09:01.867680,1.00273691,.00046136,0.0660,124.9444,10.7424,359.7559,0,U,44034,999,2715,0,.156E-5,0
GSAT-31,2019-007B,2026-05-26T05:47:38.770944,1.00272059,.00016238,0.0527,104.0256,253.0243,21.5886,0,U,44035,999,2674,0,.127E-5,0
NUSANTARA SATU,2019-009A,2026-05-26T05:12:38.540736,1.00267313,.00041816,0.0132,106.4162,359.3686,2.1697,0,U,44048,999,2655,0,0,0
ZHONGXING-6C,2019-012A,2026-05-26T21:25:46.873632,1.00268153,.00128075,0.1115,80.1470,325.2376,290.9007,0,U,44067,999,2652,0,-.331E-5,0
WGS 10 (USA 291),2019-014A,2026-05-26T22:48:25.475040,1.00272324,.00005232,0.0177,350.1649,39.2887,257.4667,0,U,44071,999,2640,0,.51E-6,0
TIANLIAN 2-01,2019-017A,2026-05-26T22:53:10.019616,1.00271607,.00009433,0.4870,83.0977,326.5091,255.2265,0,U,44076,999,2643,0,-.102E-5,0
ARABSAT-6A,2019-021A,2026-05-26T22:39:49.347360,1.00283063,.00014376,0.0518,6.7775,34.0800,214.1429,0,U,44186,999,2594,0,.158E-5,0
BEIDOU-3 IGSO-1,2019-023A,2026-05-21T14:49:38.550720,1.00299087,.0025546,58.6591,37.9235,227.4594,312.4431,0,U,44204,999,694,0,-.234E-5,0
BEIDOU-2 G8,2019-027A,2026-05-26T23:12:15.689664,1.00268895,.0010566,1.6067,74.4764,282.5611,20.0396,0,U,44231,999,2586,0,-.243E-5,0
YAMAL 601,2019-031A,2026-05-26T22:45:10.785600,1.00272368,.00027277,0.0292,69.6256,350.0478,215.1364,0,U,44307,999,2571,0,.124E-5,0
AT&T T-16,2019-034A,2026-05-26T22:02:28.356000,1.00269448,.00005058,0.0386,116.3884,113.3515,244.4976,0,U,44333,999,2542,0,-.111E-5,0
EUTELSAT 7C,2019-034B,2026-05-26T03:43:55.646688,1.00272545,.00033203,0.0752,176.5863,227.9996,262.1353,0,U,44334,999,661,0,.5E-6,0
BEIDOU-3 IGSO-2,2019-035A,2026-05-19T15:14:57.732288,1.00275192,.00395304,55.2397,159.1126,216.4700,210.4277,0,U,44337,999,2538,0,-.79E-6,0
COSMOS 2539,2019-048A,2026-05-26T17:26:42.540864,1.00273954,.0000522,0.0438,110.3235,47.7341,359.9315,0,U,44457,999,2501,0,.85E-6,0
EDRS-C,2019-049A,2026-05-26T06:05:15.321120,1.00270854,.00011005,0.0235,113.3223,313.7118,50.5970,0,U,44475,999,2499,0,-.26E-5,0
INTELSAT 39 (IS-39),2019-049B,2026-05-26T22:48:55.427328,1.00271357,.00006484,0.0198,306.5840,13.3120,328.8022,0,U,44476,999,2491,0,.38E-6,0
AMOS-17,2019-050A,2026-05-26T01:41:38.730624,1.00270269,.00014234,0.0142,334.3766,95.1261,216.5545,0,U,44479,999,2496,0,.11E-5,0
AEHF-5 (USA 292),2019-051A,2026-05-26T22:57:47.077632,1.00272335,.00676627,1.4732,334.6235,1.6804,345.7573,0,U,44481,999,2504,0,-.256E-5,0
EUTELSAT 5 WEST B,2019-067A,2026-05-26T22:29:50.305056,1.00271926,.00032333,0.0648,343.9356,78.8166,154.2030,0,U,44624,999,2422,0,-.38E-6,0
TJS-4,2019-070A,2026-05-26T22:55:02.341344,1.00272663,.0005399,0.0416,269.0223,123.8508,278.9351,0,U,44637,999,2432,0,-.166E-5,0
BEIDOU-3 IGSO-3,2019-073A,2026-05-16T19:27:04.075776,1.00246251,.0042953,54.8566,281.2355,189.4588,170.3676,0,U,44709,999,2414,0,-.217E-5,0
TIBA-1,2019-080A,2026-05-26T20:58:42.188160,1.00274411,.00021256,0.0526,352.0200,89.7979,152.8075,0,U,44800,999,2384,0,.16E-5,0
INMARSAT GX5,2019-080B,2026-05-26T22:34:19.873920,1.00270768,.00020788,0.0437,17.7542,55.9422,160.4178,0,U,44801,999,657,0,.79E-6,0
JCSAT-18 (KACIFIC 1),2019-091A,2026-05-26T19:14:38.804064,1.00269081,.00003163,0.0124,315.5469,177.1215,190.3624,0,U,44868,999,2379,0,0,0
ELEKTRO-L 3,2019-095A,2026-05-26T22:52:55.043904,1.00271340,.00011962,0.2042,80.6677,329.8013,253.2078,0,U,44903,999,2349,0,-.91E-6,0
SHIJIAN-20 (SJ-20),2019-097A,2026-05-25T12:30:39.608064,1.00268571,.0013103,4.8635,75.3367,50.0872,350.1142,0,U,44910,999,2347,0,.136E-5,0
TJS-5,2020-002A,2026-05-25T12:48:37.884384,1.00270472,.0007045,0.0647,275.3747,125.5246,141.9047,0,U,44978,999,2348,0,-.343E-5,0
GSAT-30,2020-005A,2026-05-26T22:54:54.853056,1.00272091,.00035434,0.0050,13.3490,62.0048,235.9162,0,U,45026,999,2329,0,-.161E-5,0
EUTELSAT KONNECT,2020-005B,2026-05-26T20:50:35.465856,1.00270893,.00007782,0.0713,98.9720,161.7659,303.5492,0,U,45027,999,2412,0,.54E-6,0
JCSAT-17,2020-013A,2026-05-26T09:28:33.732768,1.00271762,.00031268,5.3928,356.6761,53.9514,111.4876,0,U,45245,999,2301,0,-.323E-5,0
GEO-KOMPSAT-2B,2020-013B,2026-05-26T19:42:30.193056,1.00270745,.00006249,0.0059,212.5448,127.3615,328.3707,0,U,45246,999,2306,0,-.34E-5,0
BEIDOU-3 G2,2020-017A,2026-05-26T22:54:02.436768,1.00271154,.00026126,2.8232,47.0503,13.8237,247.1895,0,U,45344,999,2304,0,-.136E-5,0
AEHF-6 (USA 298),2020-022B,2026-05-26T23:10:38.346240,1.00269135,.00443903,2.5945,300.9096,18.1567,50.8881,0,U,45465,999,2280,0,-.296E-5,0
BEIDOU-3 G3,2020-040A,2026-05-26T23:02:46.598784,1.00267859,.00032432,2.3975,67.4084,337.6040,295.7071,0,U,45807,999,2185,0,-.349E-5,0
APSTAR-6D,2020-045A,2026-05-26T23:09:30.953376,1.00262559,.00027364,0.0222,72.1621,14.1668,279.6242,0,U,45863,999,2164,0,0,0
KOREASAT 116,2020-048A,2026-05-26T23:04:23.943936,1.00273447,.00010445,0.0133,318.9089,110.1123,277.8098,0,U,45920,999,2142,0,-.358E-5,0
EXPRESS 103,2020-053A,2026-05-26T22:58:46.982208,1.00272555,.00007223,0.0122,276.5686,45.6546,3.4984,0,U,45985,999,2143,0,-.276E-5,0
EXPRESS 80,2020-053B,2026-05-26T02:25:11.233344,1.00263495,.00017276,0.0286,283.1914,253.4045,183.4043,0,U,45986,999,2141,0,-.133E-5,0
BSAT-4B,2020-056A,2026-05-26T23:02:31.623072,1.00272839,.00038064,0.0412,174.4081,290.3310,235.2503,0,U,46112,999,2117,0,-.346E-5,0
MEV-2,2020-056B,2026-05-26T19:05:33.734976,1.00268610,.00000937,0.0321,52.5431,2.9840,114.2357,0,U,46113,999,8033,0,-.8E-7,0
GALAXY 30 (G-30),2020-056C,2026-05-26T21:55:29.025696,1.00269822,.00023873,0.0159,359.3435,58.9249,30.0883,0,U,46114,999,2108,0,.41E-6,0
GAOFEN-13 01,2020-071A,2026-05-26T23:05:01.383648,1.00270711,.00416053,0.4682,84.9981,122.9601,141.0601,0,U,46610,999,2070,0,-.358E-5,0
TIANTONG-1 2,2020-082A,2026-05-26T23:06:53.705376,1.00268915,.00017154,0.8183,324.6420,94.8615,296.6814,0,U,46916,999,2044,0,-.352E-5,0
LUCAS (JDRS-1),2020-089A,2026-05-26T22:57:09.637920,1.00272258,.00025879,0.0160,313.2237,106.3986,259.9914,0,U,47202,999,2020,0,-.231E-5,0
SXM-7,2020-096A,2026-05-26T13:33:35.265600,1.00271809,.00041882,0.0411,104.8851,20.0875,237.4118,0,U,47240,999,722,0,-.202E-5,0
CMS-01,2020-099A,2026-05-26T22:54:54.853056,1.00270351,.00036945,0.0279,77.4896,212.8484,20.9055,0,U,47256,999,1998,0,0,0
TURKSAT 5A,2021-001A,2026-05-26T22:39:49.347360,1.00272089,.00001547,0.0397,102.9668,346.5396,165.8829,0,U,47306,999,1975,0,.159E-5,0
TIANTONG-1 3,2021-003A,2026-05-26T22:54:32.389056,1.00269981,.00033985,1.7733,338.0679,89.5754,242.0184,0,U,47321,999,1974,0,-.152E-5,0
TJS-6,2021-010A,2026-05-26T21:39:30.557664,1.00269979,.00023892,0.5477,87.8297,327.8624,332.1558,0,U,47613,999,1959,0,.47E-6,0
SBIRS GEO-5 (USA 315),2021-042A,2026-05-25T23:00:38.158272,1.00271677,.000153,5.1315,328.9727,96.2766,257.2489,0,U,48618,999,1854,0,-.275E-5,0
FENGYUN 4B,2021-047A,2026-05-26T23:01:09.255360,1.00270761,.00053306,0.1029,74.2042,289.6528,330.7023,0,U,48808,999,1836,0,-.326E-5,0
SXM-8,2021-049A,2026-05-26T10:08:13.981920,1.00272910,.00047652,0.0256,24.2752,10.7621,275.8783,0,U,48838,999,1836,0,-.203E-5,0
TIANLIAN 1-05,2021-063A,2026-05-26T14:02:39.977952,1.00273715,.00014431,1.5403,80.8734,297.3038,93.4216,0,U,49011,999,1786,0,.111E-5,0
STAR ONE D2,2021-069A,2026-05-25T22:22:38.718912,1.00269904,.00015286,0.0104,308.0565,142.3398,58.6992,0,U,49055,999,1772,0,0,0
EUTELSAT QUANTUM,2021-069B,2026-05-26T00:30:14.215968,1.00273198,.00023507,0.0189,19.6796,42.1171,237.0643,0,U,49056,999,1770,0,.127E-5,0
ZHONGXING-2E,2021-071A,2026-05-26T14:29:59.943264,1.00273934,.00018642,0.0116,346.7358,147.5788,65.4065,0,U,49062,999,1782,0,-.289E-5,0
TJS-7,2021-077A,2026-05-26T22:02:50.820000,1.00271569,.0002358,0.4559,86.3087,321.6180,67.8139,0,U,49115,999,934,0,-.12E-5,0
CHINASAT 9B,2021-080A,2026-05-26T23:00:09.350784,1.00272553,.00018347,0.0173,292.2489,146.7070,252.0167,0,U,49125,999,1743,0,-.308E-5,0
SHIJIAN-21 (SJ-21),2021-094A,2026-05-26T17:59:47.540256,1.00263613,.00480779,5.0644,61.3102,168.7389,51.9000,0,U,49330,999,514,0,-.346E-5,0
SES-17,2021-095A,2026-05-25T22:14:47.272992,1.00270185,.00011145,0.0333,46.9321,13.9197,89.2512,0,U,49332,999,1763,0,-.272E-5,0
SYRACUSE 4A,2021-095B,2026-05-26T10:45:25.416576,1.00270904,.00013881,0.0158,329.9122,91.6647,29.2986,0,U,49333,999,1773,0,.138E-5,0
QZS-1R (MICHIBIKI-1R),2021-096A,2026-05-26T16:16:55.329888,1.00263367,.07533865,37.4203,79.8995,271.4143,272.2577,0,U,49336,999,1679,0,-.276E-5,0
ZHONGXING-1D,2021-114A,2026-05-26T23:08:23.561376,1.00273085,.0000662,0.0383,103.3832,92.4484,165.9735,0,U,49505,999,1660,0,-.332E-5,0
STPSAT-6,2021-118A,2026-05-24T15:14:05.156160,1.00273134,.00017387,0.2618,85.5364,254.8014,18.6459,0,U,49817,999,1633,0,-.49E-6,0
EXPRESS AMU-7,2021-123A,2026-05-26T07:48:37.267776,1.00271354,.0000611,0.0175,293.8462,51.8244,160.3856,0,U,50001,999,1632,0,-.24E-5,0
EXPRESS AMU-3,2021-123B,2026-05-26T01:01:35.701248,1.00293147,.0046095,0.0318,295.3618,237.4169,187.2850,0,U,50002,999,681,0,-.312E-5,0
TIANLIAN 2-02,2021-124A,2026-05-26T12:49:38.559648,1.00271457,.00018326,0.7477,86.4338,222.6554,298.3859,0,U,50005,999,1640,0,-.11E-6,0
TURKSAT 5B,2021-126A,2026-05-26T21:00:34.509024,1.00272043,.0004187,0.0687,339.7033,15.3090,246.5606,0,U,50212,999,1608,0,.15E-5,0
INMARSAT 6-F1,2021-128A,2026-05-26T22:55:09.828768,1.00271105,.0000112,0.0152,297.4665,64.2012,310.4080,0,U,50319,999,1604,0,-.167E-5,0
SHIYAN-12 01 (SY-12 01),2021-129A,2026-05-26T17:45:29.038752,1.00037836,.0003834,3.6213,80.1924,286.8385,221.7688,0,U,50321,999,1628,0,-.61E-6,0
SHIYAN-12 02 (SY-12 02),2021-129B,2026-05-26T17:43:51.696192,1.00492507,.0002378,3.6211,80.2014,46.3753,95.6136,0,U,50322,999,1628,0,-.103E-5,0
TJS-9,2021-135A,2026-05-26T23:10:15.881376,1.00268247,.00044522,0.0794,75.4913,17.7345,276.0665,0,U,50574,999,1621,0,-.295E-5,0
GOES 18,2022-021A,2026-05-26T21:52:06.848832,1.00271978,.00005134,0.0273,124.4090,340.9896,330.0986,0,U,51850,999,637,0,.101E-5,0
ZHONGXING-6D,2022-038A,2026-05-25T23:26:01.378176,1.00267537,.00006681,0.0077,306.4171,82.5567,331.0299,0,U,52255,999,1520,0,0,0
NILESAT 301,2022-061A,2026-05-26T22:29:12.863616,1.00273076,.00060134,0.0478,356.0740,39.8491,178.8648,0,U,52817,999,1452,0,-.53E-6,0
CMS-02 (GSAT-24),2022-067A,2026-05-26T22:54:54.853056,1.00271024,.0002419,0.0153,258.6625,108.6803,303.8957,0,U,52903,999,1439,0,-.16E-5,0
MEASAT 3D,2022-067B,2026-05-26T22:57:17.126208,1.00270421,.00014439,0.0352,317.3598,66.2954,296.6851,0,U,52904,999,1443,0,-.237E-5,0
SES-22,2022-071A,2026-05-26T16:43:39.168768,1.00274918,.00012725,0.0173,290.4258,130.9230,294.8496,0,U,52933,999,730,0,.108E-5,0
WFOV (USA 332),2022-073A,2026-05-26T21:22:32.185056,1.00273992,.0002263,3.6585,78.7953,248.3425,357.1978,0,U,52940,999,1415,0,-.358E-5,0
TIANLIAN 2-03,2022-078A,2026-05-26T22:34:12.385632,1.00272681,.00018514,0.6179,76.5280,307.7098,209.3984,0,U,53100,999,1433,0,.76E-6,0
SBIRS GEO-6 (USA 336),2022-092A,2026-05-26T21:28:09.146784,1.00271552,.00021055,3.2933,317.1632,99.3330,289.0046,0,U,53355,999,1402,0,-.291E-5,0
EUTELSAT KONNECT VHTS,2022-110A,2026-05-26T22:31:57.600768,1.00272489,.00030269,0.0609,106.0528,297.9972,181.1522,0,U,53765,999,662,0,.22E-6,0
ZHONGXING-1E,2022-112A,2026-05-26T22:54:24.900768,1.00270500,.00007662,0.0109,318.9109,38.9513,311.6681,0,U,53813,999,1363,0,0,0
SES-20,2022-123A,2026-05-26T22:01:50.916288,1.00270776,.00020868,0.0463,101.1776,331.1320,39.5306,0,U,53960,999,1332,0,-.97E-6,0
SES-21,2022-123B,2026-05-26T18:28:14.812896,1.00271947,.00012076,0.0256,29.2506,14.3600,346.7918,0,U,53961,999,699,0,.73E-6,0
GALAXY 33 (G-33),2022-128A,2026-05-26T21:53:14.241696,1.00273791,.00019702,0.0092,306.0074,123.5706,10.2199,0,U,54026,999,1352,0,.83E-6,0
GALAXY 34 (G-34),2022-128B,2026-05-26T16:46:23.905920,1.00274770,.00020198,0.0200,307.3621,127.9899,291.5232,0,U,54027,999,1369,0,0,0
ANGOSAT 2,2022-131A,2026-05-26T19:12:33.065280,1.00273212,.00016972,0.0432,99.5496,20.6646,75.2922,0,U,54033,999,1326,0,.139E-5,0
EUTELSAT HOTBIRD 13F,2022-134A,2026-05-26T20:52:20.297568,1.00272431,.00018775,0.0437,292.8556,70.2511,207.4096,0,U,54048,999,1316,0,.91E-6,0
LDPE-2,2022-144A,2026-05-26T13:24:16.524576,1.00524429,.00013582,5.5632,63.8294,90.2181,113.6903,0,U,54219,999,1162,0,.97E-6,0
EUTELSAT HOTBIRD 13G,2022-146A,2026-05-26T17:26:57.516576,1.00272209,.00018979,0.0420,235.2740,305.4472,338.3108,0,U,54225,999,725,0,.91E-6,0
ZHONGXING-19,2022-148A,2026-05-26T21:35:08.477088,1.00272241,.00022212,0.0220,53.4901,24.9776,292.9784,0,U,54230,999,1316,0,-.77E-6,0
GALAXY 31 (G-31),2022-153A,2026-05-26T16:48:46.179072,1.00272822,.00014218,0.0160,278.4005,146.0564,311.0071,0,U,54243,999,691,0,.17E-6,0
GALAXY 32 (G-32),2022-153B,2026-05-26T22:05:20.580576,1.00271448,.0002528,0.0092,338.9700,52.3344,93.5198,0,U,54244,999,1293,0,-.17E-5,0
EUTELSAT 10B,2022-157A,2026-05-26T22:34:04.898208,1.00267694,.00015504,0.0607,103.6196,6.3998,122.9804,0,U,54259,999,1281,0,.72E-6,0
GALAXY 35 (G-35),2022-170A,2026-05-26T22:04:43.140864,1.00271833,.00022532,0.0468,108.1837,319.8546,54.5203,0,U,54741,999,1268,0,-.158E-5,0
GALAXY 36 (G-36),2022-170B,2026-05-26T22:05:50.532864,1.00271860,.00029173,0.0157,126.7381,308.5613,51.6448,0,U,54742,999,1256,0,-.181E-5,0
METEOSAT-12 (MTG-I1),2022-170C,2026-05-26T22:31:12.672768,1.00247564,.00022954,0.7172,19.4858,57.5054,145.0089,0,U,54743,999,1276,0,-.8E-7,0
SHIJIAN-23 (SJ-23),2023-002A,2026-05-26T14:44:09.276000,1.00090937,.0004173,3.6643,78.5791,275.7263,273.1415,0,U,55131,999,1229,0,-.125E-5,0
APSTAR-6E,2023-005A,2026-05-26T14:50:00.504096,1.00274900,.00007238,0.0136,257.2939,284.5740,58.8142,0,U,55239,999,1847,0,-.314E-5,0
USA 342,2023-008A,2026-05-26T05:31:26.064192,1.00271380,.000018,0.0023,270.9073,10.6704,69.0176,0,U,55263,999,1229,0,0,0
LDPE-3A,2023-008B,2026-05-26T20:42:01.986336,0.99151140,.00009462,2.2942,81.9184,33.7104,56.5711,0,U,55264,999,1160,0,-.235E-5,0
ELEKTRO-L 4,2023-016A,2026-05-26T20:39:08.254944,1.00272013,.00005269,0.0831,205.3173,336.0705,178.6127,0,U,55506,999,1211,0,-.54E-6,0
AMAZONAS NEXUS,2023-017A,2026-05-26T22:13:49.766880,1.00275540,.0005181,0.0418,39.7566,16.4906,100.7176,0,U,55508,999,683,0,-.278E-5,0
ZHONGXING-26,2023-023A,2026-05-26T17:58:55.123968,1.00270193,.00043212,0.0703,74.7453,2.4794,201.9234,0,U,55686,999,1201,0,-.35E-5,0
LUCH-5X (OLYMP-K 2),2023-031A,2026-05-26T14:33:30.804192,1.00271989,.000066,0.0273,60.7068,139.9652,323.8806,0,U,55841,999,1172,0,.36E-6,0
GAOFEN-13 02,2023-036A,2026-05-26T19:14:38.804064,1.00269155,.0004278,1.0186,358.4894,339.7711,342.9635,0,U,55912,999,1187,0,-.217E-5,0
SES-18,2023-038A,2026-05-26T22:01:50.916288,1.00271694,.00009011,0.0145,288.9784,58.4657,124.4164,0,U,55970,999,1189,0,-.97E-6,0
SES-19,2023-038B,2026-05-26T16:44:46.561632,1.00271914,.00017087,0.0163,304.3834,117.3523,298.8211,0,U,55971,999,1187,0,.91E-6,0
INTELSAT 40E (IS-40E),2023-052A,2026-05-26T22:05:20.580576,1.00268986,.00020909,0.0133,315.0569,153.1361,16.6243,0,U,56174,999,1161,0,0,0
VIASAT-3 F1,2023-060A,2026-05-26T22:05:50.532864,1.00270493,.00008296,0.0140,322.2382,108.2546,56.5386,0,U,56370,999,1122,0,-.181E-5,0
ARCTURUS,2023-060B,2026-05-26T22:51:55.140192,1.00271013,.00018452,2.7215,80.1957,33.5335,186.2595,0,U,56371,999,1124,0,-.58E-6,0
GS-1,2023-060C,2026-05-22T17:59:17.759040,1.00281652,.00040854,2.6612,80.1187,279.8154,239.0757,0,U,56372,999,728,0,-.228E-5,0
BEIDOU-3 G4,2023-066A,2026-05-26T23:11:08.297664,1.00271818,.00039548,0.5123,326.4309,168.3426,237.6122,0,U,56564,999,1118,0,-.277E-5,0
ARABSAT-7B (BADR-8),2023-075A,2026-05-26T22:38:41.955360,1.00272771,.00048936,0.0796,29.8881,350.9294,229.3650,0,U,56757,999,1090,0,.149E-5,0
NVS-01 (IRNSS-1J),2023-076A,2026-05-26T23:08:08.584800,1.00276175,.00032494,2.2146,245.2831,47.3345,68.4740,0,U,56759,999,1090,0,-.33E-5,0
NUSANTARA TIGA (SATRIA),2023-086A,2026-05-26T23:12:53.130240,1.00276972,.00042639,0.0381,332.6427,15.6176,30.5022,0,U,57045,999,954,0,-.229E-5,0
H2SAT (HEINRICH HERTZ),2023-093A,2026-05-26T22:31:27.649344,1.00270823,.00007963,0.0115,249.5300,172.6109,160.9081,0,U,57213,999,1070,0,.6E-7,0
SYRACUSE 4B,2023-093B,2026-05-26T22:29:20.351904,1.00269606,.00002479,0.0192,316.4259,147.2470,111.6881,0,U,57214,999,675,0,0,0
JUPITER 3 (ECHOSTAR 24),2023-108A,2026-05-26T14:04:15.957120,1.00269149,.0001221,0.0186,314.6134,113.2723,292.1273,0,U,57479,999,1043,0,0,0
GALAXY 37 (G-37),2023-112A,2026-05-26T21:54:59.074272,1.00272381,.00020667,0.0172,341.0876,77.8495,27.2924,0,U,57493,999,1033,0,.52E-6,0
LUDI TANCE-4 01A,2023-120A,2026-05-26T14:23:22.991424,1.00273882,.0001002,15.1148,194.4950,79.9487,275.2317,0,U,57624,999,1032,0,-.172E-5,0
TJS-10,2023-169A,2026-05-26T17:49:36.145344,1.00272207,.0003474,2.4913,80.7380,99.7400,63.6997,0,U,58204,999,932,0,-.246E-5,0
ZHONGXING-6E,2023-172A,2026-05-26T17:56:13.733952,1.00269661,.00028299,0.0545,99.9234,332.8477,196.0983,0,U,58253,999,944,0,-.358E-5,0
YAOGAN-41,2023-197A,2026-05-26T23:06:23.752224,1.00270438,.0013657,3.1667,312.8318,188.4476,213.0413,0,U,58582,999,911,0,-.361E-5,0
OVZON-3,2024-003A,2026-05-26T22:48:17.986752,1.00274304,.00001938,0.0103,260.1664,188.7781,197.3201,0,U,58698,999,723,0,.56E-6,0
INSAT-3DS,2024-033A,2026-05-26T22:54:39.877344,1.00272415,.00015481,0.0287,249.6263,164.7636,255.8619,0,U,58990,999,4685,0,-.151E-5,0
MERAH PUTIH 2,2024-035A,2026-05-26T23:03:24.039360,1.00267825,.00017526,0.0170,309.4818,118.2202,275.6284,0,U,58995,999,837,0,0,0
TJS-11,2024-037A,2026-05-25T12:52:15.036096,1.00276122,.0004094,4.2280,326.8173,107.9069,121.7714,0,U,59020,999,835,0,-.375E-5,0
HULIANWAN GAOGUI-01 (HG-01),2024-040A,2026-05-26T20:58:12.235872,1.00269764,.00031624,0.0644,330.1348,65.8834,196.6468,0,U,59069,999,711,0,.16E-5,0
EUTELSAT 36D,2024-059A,2026-05-26T20:58:49.675584,1.00270768,.0000344,0.0168,324.7548,155.6021,114.6489,0,U,59346,999,793,0,0,0
PAKSAT-MM1,2024-104A,2026-05-26T22:41:54.231648,1.00266002,.00021918,0.0095,349.0682,65.1593,208.9642,0,U,59915,999,731,0,.158E-5,0
ASTRA 1P (SES-24),2024-115A,2026-05-26T20:54:05.131008,1.00270931,.00009608,0.0728,29.2269,326.3730,221.5582,0,U,60086,999,698,0,.124E-5,0
GOES 19,2024-119A,2026-05-26T22:09:50.150304,1.00269647,.00006418,0.0192,77.6294,36.6935,27.4303,0,U,60133,999,675,0,0,0
ZHONGXING-3A,2024-122A,2026-05-25T11:04:18.641568,1.00271535,.0001376,0.0471,116.2332,320.3699,74.1231,0,U,60179,999,708,0,-.315E-5,0
TURKSAT 6A,2024-127A,2026-05-26T21:00:34.509024,1.00273581,.00015071,0.0169,172.0463,314.7600,114.7962,0,U,60233,999,680,0,0,0
HULIANWAN GAOGUI-02 (HG-02),2024-135A,2026-05-26T18:06:39.382272,1.00270229,.00080107,0.0433,358.3494,7.4774,303.3421,0,U,60327,999,728,0,-.169E-5,0
ZHONGXING-4A,2024-151A,2026-05-26T23:04:53.896224,1.00268990,.00007559,1.3672,271.1023,172.6900,265.1618,0,U,60606,999,654,0,-.358E-5,0
HULIANWAN GAOGUI-03 (HG-03),2024-181A,2026-05-26T05:02:38.016672,1.00267002,.00011778,0.0454,2.1423,93.6536,146.4798,0,U,61503,999,660,0,-.239E-5,0
DSN-3 (KIRAMEKI-3),2024-198A,2026-05-26T23:12:15.689664,1.00271454,.00004618,0.0179,298.3670,191.2467,247.0543,0,U,61733,999,570,0,-.245E-5,0
KOREASAT 6A,2024-206A,2026-05-26T23:04:16.455648,1.00272277,.00009018,0.0136,261.7479,152.7994,292.0683,0,U,61910,999,562,0,-.357E-5,0
OPTUS-X (ADS-01),2024-212A,2026-05-26T21:33:08.667936,1.00271538,.00016347,0.0116,301.0631,157.3538,265.7312,0,U,62006,999,554,0,-.139E-5,0
GSAT-N2 (GSAT-20),2024-214A,2026-05-26T22:50:40.259904,1.00273729,.00020452,0.0315,248.9460,177.4704,228.7338,0,U,62028,999,568,0,-.15E-6,0
SXM-9,2024-234A,2026-05-26T20:24:18.685728,1.00271673,.00048352,0.0140,324.4217,349.6738,151.2489,0,U,62259,999,536,0,-.201E-5,0
TJS-12,2024-246A,2026-05-26T21:30:23.930784,1.00268320,.00021679,0.7162,297.2923,74.9521,341.2741,0,U,62374,999,535,0,-.228E-5,0
NUVIEW ALPHA,2024-252B,2026-05-26T22:07:35.364576,1.00272739,.00013297,0.0607,38.3733,6.7247,88.1859,0,U,62455,999,361,0,-.211E-5,0
AGILA,2024-252C,2026-05-26T21:32:01.275936,1.00271999,.00013511,0.0573,111.5462,338.0362,270.0369,0,U,62456,999,494,0,-.177E-5,0
NUVIEW BRAVO,2024-252D,2026-05-26T22:07:35.364576,1.00271473,.00019584,0.0706,137.4175,330.7722,25.0826,0,U,62457,999,358,0,-.211E-5,0
THURAYA-4,2025-001A,2026-05-26T21:01:11.948736,1.00273602,.00001358,0.0418,109.1997,252.9445,241.9124,0,U,62483,999,396,0,.143E-5,0
SHIJIAN-25 (SJ-25),2025-002A,2026-05-26T14:39:29.150784,1.00267198,.0051755,5.0640,61.3034,171.4107,358.7340,0,U,62485,999,514,0,-.347E-5,0
TJS-14,2025-017A,2026-05-26T22:36:27.169632,1.00275859,.00001506,0.8296,294.2535,166.1126,141.6708,0,U,62804,999,505,0,.12E-5,0
SPAINSAT NG I,2025-021A,2026-05-26T22:39:26.883360,1.00271214,.00001099,0.0139,313.1659,58.8848,241.3091,0,U,62852,999,377,0,.156E-5,0
QZS-6 (MICHIBIKI-6),2025-023A,2026-05-26T22:57:02.149632,1.00270928,.00024468,0.0126,324.4536,103.3095,251.5331,0,U,62876,999,473,0,-.229E-5,0
ZHONGXING-10R,2025-036A,2026-05-26T23:02:46.598784,1.00269528,.00032592,0.0689,257.7977,235.4599,207.4543,0,U,63075,999,474,0,-.347E-5,0
TJS-15,2025-045A,2026-05-26T17:50:06.095904,1.00273010,.000573,0.2830,85.0413,296.3845,224.8191,0,U,63157,999,454,0,-.261E-5,0
TIANLIAN 2-04,2025-062A,2026-05-26T22:54:09.925056,1.00271558,.00318583,4.4274,274.7461,11.1955,22.2089,0,U,63361,999,439,0,-.133E-5,0
TJS-16,2025-064A,2026-05-26T16:26:25.818720,1.00272597,.000406,1.0447,81.5617,288.9608,280.9059,0,U,63397,999,417,0,-.102E-5,0
TJS-17,2025-073A,2026-05-26T16:27:33.210720,1.00271875,.0002812,1.0105,82.8547,293.4895,279.2947,0,U,63524,999,407,0,-.66E-6,0
TIANLIAN 2-05,2025-084A,2026-05-26T22:37:04.610208,1.00274085,.00035654,4.5036,280.0813,135.3922,188.6557,0,U,63662,999,416,0,.126E-5,0
TJS-19,2025-097A,2026-05-26T18:03:32.181120,1.00275626,.0001546,3.3218,317.1144,249.7678,89.5925,0,U,63924,999,392,0,-.276E-5,0
CHINASAT 3B,2025-106A,2026-05-26T07:54:59.156640,1.00269596,.00024453,0.0478,97.9104,4.7213,67.3362,0,U,64062,999,384,0,-.43E-6,0
SXM-10,2025-122A,2026-05-26T21:57:58.787136,1.00271184,.0001992,0.0245,28.4051,345.3532,84.0547,0,U,64290,999,347,0,-.13E-6,0
COSMOS 2589,2025-131A,2026-05-26T16:08:33.631008,1.00272071,.000113,0.0533,56.6283,94.2992,73.4737,0,U,64467,999,334,0,-.288E-5,0
CHINASAT 9C,2025-132A,2026-05-26T22:57:32.101920,1.00272482,.00030936,0.0356,94.1361,327.3004,259.6842,0,U,64470,999,393,0,-.243E-5,0
MTG-S1,2025-143A,2026-05-26T22:30:12.769056,1.00270371,.00014322,0.6222,334.6213,28.3694,215.6134,0,U,64723,999,320,0,-.28E-6,0
DROR 1,2025-148A,2026-05-26T22:30:05.280768,1.00271445,.00031878,0.0516,86.0866,297.8705,194.0661,0,U,64784,999,308,0,-.3E-6,0
SHIYAN-29,2025-196A,2026-05-23T14:33:06.561216,1.00261227,.0009888,28.7957,18.8473,173.7291,1.8552,0,U,65486,999,263,0,-.282E-5,0
NUSANTARA LIMA (NUSANTARA 5),2025-205A,2026-05-26T23:03:24.039360,1.00272187,.00003515,0.0373,113.1432,350.6419,239.4537,0,U,65588,999,250,0,-.353E-5,0
TJS-20,2025-238A,2026-05-26T22:49:02.914752,1.00269703,.00044476,5.5159,299.6455,144.0134,205.5273,0,U,66142,999,211,0,.24E-6,0
CMS-03 (GSAT-7R),2025-249B,2026-05-26T22:52:17.604192,1.00272535,.00030013,0.0519,262.4688,132.0318,267.0537,0,U,66311,999,213,0,-.72E-6,0
VIASAT-3 F2,2025-261A,2026-05-26T22:08:42.758304,1.00270834,.00003654,0.0317,168.7088,282.7233,46.2617,0,U,66454,999,258,0,-.229E-5,0
SHIJIAN-28 (SJ-28),2025-277A,2026-05-26T21:21:54.745344,1.00275387,.00007565,4.5917,272.4716,29.1143,20.2247,0,U,66549,999,194,0,-.358E-5,0
TJS-22,2025-290A,2026-05-25T22:25:09.090336,1.00274823,.00018749,1.5829,286.2970,348.6344,11.4302,0,U,66990,999,180,0,-.9E-7,0
TJS-23,2025-306A,2026-05-26T15:51:24.097248,1.00270175,.00047585,5.6370,297.6004,157.1728,202.8012,0,U,67226,999,167,0,.14E-6,0
FENGYUN 4C,2025-312A,2026-05-26T21:26:31.801632,1.00272134,.0000577,0.0077,90.4349,61.8398,186.8204,0,U,67246,999,156,0,-.319E-5,0
SHIJIAN-29A (SJ-29A),2025-315A,2026-05-26T22:52:17.604192,1.00274800,.00030261,3.3456,95.6185,335.3595,230.4801,0,U,67302,999,140,0,-.69E-6,0
SHIJIAN-29B (SJ-29B),2025-315C,2026-05-26T22:52:17.604192,1.00273931,.000773,3.3447,95.6141,352.3553,213.5502,0,U,67403,999,147,0,-.7E-6,0
ELEKTRO-L 5,2026-028A,2026-05-26T02:41:01.528800,1.00271339,.00014298,0.2948,304.2062,182.8945,232.9120,0,U,67756,999,103,0,-.96E-6,0
JAM-E JAM 1,2026-028B,2026-05-26T20:58:19.724160,1.00265755,.00008061,0.3049,296.8025,323.6932,332.5481,0,U,67757,999,90,0,.16E-5,0
ECHOSTAR 25,2026-045A,2026-05-26T21:59:51.107136,1.00271266,.00016963,0.0107,331.1770,94.3050,38.9732,0,U,68126,999,78,0,-.52E-6,0
