XINZHENGCHENG-01        
1 68412U 26066A   26118.34418647  .00000565  00000+0  57389-4 0  9997
2 68412  84.9642 259.4506 0027472  69.0669 291.3491 14.88361974  4313
2026-066C               
1 68414U 26066C   26118.34145478  .00001312  00000+0  13697-3 0  9992
2 68414  84.9641 259.4480 0028082  69.7391 290.6847 14.88536763  4319
2026-066D               
1 68415U 26066D   26118.34286088  .00002680  00000+0  28371-3 0  9990
2 68415  84.9636 259.4492 0027413  69.7237 290.6929 14.88471063  4315
TRANSPORTER-16 OBJECT A 
1 68416U 26067A   26118.16351611  .00008222  00000+0  39798-3 0  9990
2 68416  97.4509  77.4047 0004212  89.4319 270.7398 15.18820336  4358
JACK-002                
1 68417U 26067B   26118.16467286  .00008055  00000+0  39075-3 0  9999
2 68417  97.4529  77.4103 0004097  91.6968 268.4736 15.18751964  4350
OPTISAT                 
1 68418U 26067C   26118.16641022  .00005440  00000+0  26634-3 0  9994
2 68418  97.4548  77.4150 0004247 100.9412 259.2300 15.18583879  4352
FEMTO-1                 
1 68419U 26067D   26118.23206086  .00004206  00000+0  20662-3 0  9994
2 68419  97.4506  77.4647 0003589  84.5792 275.5852 15.18598299  4360
ERMIS-2                 
1 68420U 26067E   26118.16477889  .00012644  00000+0  60981-3 0  9992
2 68420  97.4447  77.3830 0003548  78.6866 281.4767 15.18829864  4355
TRANSPORTER-16 OBJECT F 
1 68421U 26067F   26118.16945071  .00005202  00000+0  25594-3 0  9999
2 68421  97.4480  77.3870 0002890  81.2626 278.8935 15.18432403  4356
TRANSPORTER-16 OBJECT G 
1 68422U 26067G   26118.16983030  .00007848  00000+0  38402-3 0  9997
2 68422  97.4443  77.3739 0002726  80.8564 279.2979 15.18461266  4356
SPOQC                   
1 68423U 26067H   26118.30276032  .00006221  00000+0  30589-3 0  9993
2 68423  97.4467  77.5100 0002675  91.2989 268.8552 15.18377655  4378
SPACEVAN-002            
1 68424U 26067J   26118.31263326  .00006542  00000+0  32616-3 0  9996
2 68424  97.4485  77.5034 0001704 154.6964 205.4353 15.17873458  4371
ERMIS-3                 
1 68425U 26067K   26118.30437937  .00005903  00000+0  29116-3 0  9998
2 68425  97.4551  77.5382 0003100 115.3997 244.7558 15.18288782  4378
TRANSPORTER-16 OBJECT L 
1 68426U 26067L   26118.16898687  .00012932  00000+0  62693-3 0  9993
2 68426  97.4509  77.3991 0003371 120.5638 239.5929 15.18646052  4356
TRANSPORTER-16 OBJECT M 
1 68427U 26067M   26118.30226062  .00009985  00000+0  48695-3 0  9992
2 68427  97.4511  77.5274 0003189 120.0803 240.0748 15.18506486  4376
OUT OF THE BOX (OOTB)   
1 68428U 26067N   26118.30706652  .00004715  00000+0  23439-3 0  9996
2 68428  97.4535  77.5290 0002759 127.4397 232.7089 15.18118714  4371
TRANSPORTER-16 OBJECT P 
1 68429U 26067P   26118.17526025  .00011755  00000+0  57558-3 0  9997
2 68429  97.4474  77.3768 0002826 155.7196 204.4172 15.18321514  4359
TRANSPORTER-16 OBJECT Q 
1 68430U 26067Q   26118.30379858  .00007728  00000+0  37915-3 0  9994
2 68430  97.4465  77.5087 0002368 102.2659 257.8840 15.18376508  4378
DISCO-2                 
1 68431U 26067R   26118.30509361  .00008474  00000+0  41603-3 0  9997
2 68431  97.4565  77.5431 0003383 131.7948 228.3576 15.18322506  4377
TRANSPORTER-16 OBJECT S 
1 68432U 26067S   26118.30954184  .00006507  00000+0  32292-3 0  9994
2 68432  97.4519  77.5222 0002623 151.6121 208.5256 15.18034590  4373
T.MICROSAT-2            
1 68433U 26067T   26118.19845729  .00005101  00000+0  26210-3 0  9998
2 68433  97.4535  77.3693 0004228 220.6337 139.4581 15.16913639  4350
TRANSPORTER-16 OBJECT U 
1 68434U 26067U   26118.30459277  .00004759  00000+0  23566-3 0  9990
2 68434  97.4546  77.5357 0003153 117.0135 243.1422 15.18252532  4372
ION SCV-019 (ASTOUNDIN*)
1 68435U 26067V   26118.31490632  .00003323  00000+0  16826-3 0  9999
2 68435  97.4514  77.5118 0001932 172.4897 187.6366 15.17679849  4378
HAWK-14B                
1 68436U 26067W   26118.31556268  .00004035  00000+0  20273-3 0  9990
2 68436  97.4511  77.5102 0002036 173.2421 186.8841 15.17828312  4377
TRANSPORTER-16 OBJECT X 
1 68437U 26067X   26117.84751926  .00017161  00000+0  83964-3 0  9996
2 68437  97.4467  77.0476 0002201 159.6540 200.4782 15.18262321  4304
TRANSPORTER-16 OBJECT Y 
1 68438U 26067Y   26118.30840991  .00017798  00000+0  86723-3 0  9992
2 68438  97.4488  77.5103 0002692 172.2474 187.8803 15.18397630  4372
TRANSPORTER-16 OBJECT Z 
1 68439U 26067Z   26118.31209829  .00015573  00000+0  76507-3 0  9991
2 68439  97.4480  77.5035 0001661 173.3335 186.7921 15.18140877  4370
TRANSPORTER-16 OBJECT AA
1 68440U 26067AA  26118.31036317  .00019650  00000+0  95808-3 0  9998
2 68440  97.4479  77.5049 0001964 172.7636 187.3627 15.18354628  4379
HAWK-14C                
1 68441U 26067AB  26118.18393351  .00004074  00000+0  20471-3 0  9996
2 68441  97.4452  77.3370 0001059 210.8173 149.2999 15.17824997  4358
TRANSPORTER-16 OBJECT AC
1 68442U 26067AC  26118.19271144  .00005536  00000+0  28166-3 0  9996
2 68442  97.4504  77.3653 0002831 224.1446 135.9561 15.17231222  4351
TRANSPORTER-16 OBJECT AD
1 68443U 26067AD  26118.12795017  .00004816  00000+0  24601-3 0  9990
2 68443  97.4512  77.3021 0002968 229.9697 130.1276 15.17152065  4348
TRANSPORTER-16 OBJECT AE
1 68444U 26067AE  26118.30493462  .00006789  00000+0  33441-3 0  9993
2 68444  97.4536  77.5327 0002933 122.7489 237.4028 15.18282903  4372
TRANSPORTER-16 OBJECT AF
1 68445U 26067AF  26118.13080671  .00004738  00000+0  24323-3 0  9990
2 68445  97.4484  77.2871 0003281 241.5251 118.5652 15.16982995  4345
HADES-SA (SPINNYONE)    
1 68446U 26067AG  26118.13017300  .00020951  00000+0  10500-2 0  9996
2 68446  97.4375  77.2526 0004881 237.0108 123.0657 15.17372828  4334
TRANSPORTER-16 OBJECT AH
1 68447U 26067AH  26118.30675560  .00008431  00000+0  41502-3 0  9990
2 68447  97.4486  77.5125 0002336 123.3387 236.8071 15.18229141  4372
HAWK-14A                
1 68448U 26067AJ  26118.18424390  .00004414  00000+0  22124-3 0  9996
2 68448  97.4573  77.4175 0001681 227.8191 132.2900 15.17868457  4355
TRANSPORTER-16 OBJECT AK
1 68449U 26067AK  26118.19057857  .00007346  00000+0  37086-3 0  9998
2 68449  97.4477  77.3588 0002164 226.9781 133.1271 15.17390941  4357
TRANSPORTER-16 OBJECT AL
1 68450U 26067AL  26118.30878505  .00008353  00000+0  41251-3 0  9992
2 68450  97.4513  77.5202 0002423 140.1633 219.9780 15.18119520  4379
TRANSPORTER-16 OBJECT AM
1 68451U 26067AM  26118.30763221  .00008540  00000+0  42089-3 0  9999
2 68451  97.4471  77.5054 0002138 125.8171 234.3262 15.18183040  4372
TRANSPORTER-16 OBJECT AN
1 68452U 26067AN  26118.18955458  .00008182  00000+0  41193-3 0  9998
2 68452  97.4513  77.3742 0002376 214.3408 145.7673 15.17451538  4351
TRANSPORTER-16 OBJECT AP
1 68453U 26067AP  26118.30916687  .00008414  00000+0  41577-3 0  9998
2 68453  97.4516  77.5212 0002522 145.8461 214.2936 15.18098818  4374
TRANSPORTER-16 OBJECT AQ
1 68454U 26067AQ  26118.19502708  .00006848  00000+0  34834-3 0  9998
2 68454  97.4539  77.3762 0003816 221.7048 138.3895 15.17146764  4351
TRANSPORTER-16 OBJECT AR
1 68455U 26067AR  26118.13197370  .00005186  00000+0  26628-3 0  9994
2 68455  97.4540  77.3068 0004200 223.3197 136.7706 15.16935619  4340
PARUS-6U1               
1 68456U 26067AS  26118.13158655  .00006224  00000+0  31843-3 0  9997
2 68456  97.4515  77.2978 0004120 223.1969 136.8942 15.16982384  4342
TRANSPORTER-16 OBJECT AT
1 68457U 26067AT  26118.30241490  .00011192  00000+0  54504-3 0  9996
2 68457  97.4510  77.5268 0003136 121.7968 238.3572 15.18522375  4373
SAL-E                   
1 68458U 26067AU  26118.13171864  .00009082  00000+0  46226-3 0  9992
2 68458  97.4442  77.2720 0004054 236.1249 123.9599 15.17031841  4348
TRANSPORTER-16 OBJECT AV
1 68459U 26067AV  26118.13322741  .00006030  00000+0  30932-3 0  9992
2 68459  97.4496  77.2890 0004455 225.2369 134.8503 15.16901568  4340
COSMO                   
1 68460U 26067AW  26118.19859275  .00007320  00000+0  37396-3 0  9991
2 68460  97.4463  77.3436 0004305 229.9253 130.1603 15.16969588  4357
TRANSPORTER-16 OBJECT AX
1 68461U 26067AX  26118.18918900  .00008272  00000+0  41617-3 0  9990
2 68461  97.4516  77.3762 0002257 215.5070 144.6014 15.17472146  4357
TRANSPORTER-16 OBJECT AY
1 68462U 26067AY  26118.31046253  .00008307  00000+0  41131-3 0  9999
2 68462  97.4518  77.5209 0002551 154.1664 205.9698 15.18030451  4373
GARAI-B (UNAMUNO)       
1 68463U 26067AZ  26117.53018067  .00003036  00000+0  15560-3 0  9996
2 68463  97.4500  76.7202 0001831 221.6499 138.4595 15.17323193  4255
TRANSPORTER-16 OBJECT BA
1 68464U 26067BA  26118.18965592  .00004589  00000+0  23314-3 0  9993
2 68464  97.4481  77.3611 0001460 225.9670 134.1444 15.17372763  4355
TRANSPORTER-16 OBJECT BB
1 68465U 26067BB  26118.19015981  .00003384  00000+0  17314-3 0  9998
2 68465  97.4489  77.3624 0001606 229.2087 130.9007 15.17308793  4350
TRANSPORTER-16 OBJECT BC
1 68466U 26067BC  26118.13373306  .00008795  00000+0  44936-3 0  9992
2 68466  97.4451  77.2712 0004150 246.9943 113.0853 15.16907428  4193
TRANSPORTER-16 OBJECT BD
1 68467U 26067BD  26118.12818369  .00017204  00000+0  86139-3 0  9991
2 68467  97.4379  77.2567 0004256 237.5933 122.4889 15.17448857  4340
ERMIS-1                 
1 68468U 26067BE  26118.20089996  .00008811  00000+0  45043-3 0  9990
2 68468  97.4521  77.3612 0005265 215.9434 144.1446 15.16881742  4353
TRANSPORTER-16 OBJECT BF
1 68469U 26067BF  26118.18914595  .00003373  00000+0  17234-3 0  9999
2 68469  97.4507  77.3710 0001825 217.2010 142.9097 15.17360831  4350
TRANSPORTER-16 OBJECT BG
1 68470U 26067BG  26118.20172007  .00007806  00000+0  40022-3 0  9994
2 68470  97.4443  77.3325 0005202 232.7618 127.3141 15.16819791  4352
TRANSPORTER-16 OBJECT BH
1 68471U 26067BH  26118.15738948  .00005153  00000+0  52553-3 0  9996
2 68471  97.7541  77.1581 0003036 188.5962 171.5205 14.91083861  4276
FLYLAB1                 
1 68472U 26067BJ  26118.15975199  .00000971  00000+0  10421-3 0  9999
2 68472  97.7599  77.1696 0003871 184.3240 175.7945 14.90866344  4278
TRANSPORTER-16 OBJECT BK
1 68473U 26067BK  26118.31008171  .00008519  00000+0  42146-3 0  9990
2 68473  97.4502  77.5141 0002247 152.7870 207.3482 15.18053863  4355
BLACK KITE-2            
1 68474U 26067BL  26118.19916591  .00002387  00000+0  23894-3 0  9997
2 68474  97.7513  77.2485 0003707  66.6071 293.5537 14.92347823  4279
TRANSPORTER-16 OBJECT BM
1 68475U 26067BM  26118.15646440  .00010244  00000+0  10350-2 0  9990
2 68475  97.7485  77.1450 0002436 193.8006 166.3147 14.91219085  3740
TRANSPORTER-16 OBJECT BN
1 68476U 26067BN  26118.19944170  .00004079  00000+0  40414-3 0  9990
2 68476  97.7526  77.2517 0003919  77.8495 282.3163 14.92362728  4272
TRANSPORTER-16 OBJECT BP
1 68477U 26067BP  26118.15653456  .00008807  00000+0  89147-3 0  9990
2 68477  97.7492  77.1456 0003082 203.7368 156.3708 14.91186481  3673
FOSSASAT-2E25           
1 68478U 26067BQ  26118.13698881  .00002043  00000+0  20675-3 0  9997
2 68478  97.7560  77.1898 0003484  89.0376 271.1242 14.92054783  4265
TRANSPORTER-16 OBJECT BR
1 68479U 26067BR  26118.13599006  .00005101  00000+0  50626-3 0  9994
2 68479  97.7510  77.1770 0003049  78.7391 281.4171 14.92182000  4268
TRANSPORTER-16 OBJECT BS
1 68480U 26067BS  26118.19434943  .00003144  00000+0  31085-3 0  9993
2 68480  97.7591  77.2774 0005587  80.0482 280.1367 14.92611997  4276
TORO3                   
1 68481U 26067BT  26118.20527201  .00002049  00000+0  20758-3 0  9994
2 68481  97.7630  77.2746 0004243 109.1046 251.0632 14.92009380  4276
TRANSPORTER-16 OBJECT BU
1 68482U 26067BU  26118.19437060  .00003095  00000+0  30612-3 0  9998
2 68482  97.7538  77.2620 0005001  67.3194 292.8554 14.92609700  4275
TRANSPORTER-16 OBJECT BV
1 68483U 26067BV  26118.19927138  .00003971  00000+0  39378-3 0  9990
2 68483  97.7609  77.2763 0004894  91.1314 269.0466 14.92341738  4273
TRANSPORTER-16 OBJECT BW
1 68484U 26067BW  26118.20758039  .00001930  00000+0  19572-3 0  9992
2 68484  97.7582  77.2580 0003084 110.6100 249.5450 14.92037043  4278
TRANSPORTER-16 OBJECT BX
1 68485U 26067BX  26118.27277633  .00006973  00000+0  69130-3 0  9993
2 68485  97.7544  77.3155 0003043 103.2198 256.9361 14.92100686  4284
TRANSPORTER-16 OBJECT BY
1 68486U 26067BY  26118.20906655  .00001918  00000+0  19564-3 0  9990
2 68486  97.7544  77.2438 0002451 103.7943 256.3549 14.91807471  4279
TRANSPORTER-16 OBJECT BZ
1 68487U 26067BZ  26118.20070553  .00004020  00000+0  39900-3 0  9993
2 68487  97.7506  77.2447 0003295  70.7688 289.3888 14.92298657  4277
TRANSPORTER-16 OBJECT CA
1 68488U 26067CA  26118.21433796  .00001699  00000+0  17483-3 0  9998
2 68488  97.7546  77.2359 0001606 128.0084 232.1280 14.91601839  4276
TRANSPORTER-16 OBJECT CB
1 68489U 26067CB  26118.28588658  .00003127  00000+0  31938-3 0  9993
2 68489  97.7503  77.2840 0001175 178.1269 181.9954 14.91319297  4281
TRANSPORTER-16 OBJECT CC
1 68490U 26067CC  26118.21727193  .00001810  00000+0  18687-3 0  9990
2 68490  97.7584  77.2438 0002459 150.0978 210.0382 14.91385373  4273
TRANSPORTER-16 OBJECT CD
1 68491U 26067CD  26118.15477602  .00005215  00000+0  53074-3 0  9993
2 68491  97.7528  77.1572 0002258 187.0192 173.0995 14.91168567  4266
TRANSPORTER-16 OBJECT CE
1 68492U 26067CE  26118.15572703  .00006293  00000+0  63913-3 0  9992
2 68492  97.7529  77.1567 0002564 189.7119 170.4051 14.91169373  4260
TRANSPORTER-16 OBJECT CF
1 68493U 26067CF  26118.15452277  .00004887  00000+0  49730-3 0  9994
2 68493  97.7616  77.1839 0003850 165.4573 194.6757 14.91199849  4266
ICEYE-X71               
1 68494U 26067CG  26118.21663703  .00002946  00000+0  30040-3 0  9998
2 68494  97.7575  77.2438 0002392 148.6895 211.4467 14.91427141  4273
GRAVITAS                
1 68495U 26067CH  26118.23193539  .00000295  00000+0  48768-4 0  9998
2 68495  97.7580  77.0690 0003420 147.8680 212.2739 14.76936429  4261
ICEYE-X73               
1 68496U 26067CJ  26118.20614564  .00002616  00000+0  26374-3 0  9999
2 68496  97.7571  77.2565 0003297 100.4111 259.7480 14.91972904  4276
ICEYE-X75               
1 68497U 26067CK  26118.20655030  .00002683  00000+0  27051-3 0  9990
2 68497  97.7554  77.2504 0002987  97.3922 262.7637 14.91955740  4277
TRANSPORTER-16 OBJECT CL
1 68498U 26067CL  26118.15259259  .00003201  00000+0  32705-3 0  9997
2 68498  97.7512  77.1545 0001582 186.7004 173.4194 14.91278306  4261
TRANSPORTER-16 OBJECT CM
1 68499U 26067CM  26118.14937888  .00001769  00000+0  18269-3 0  9994
2 68499  97.7553  77.1693 0001520 139.3003 220.8329 14.91414597  4267
ICEYE-X74               
1 68500U 26067CN  26118.21584643  .00002271  00000+0  23285-3 0  9995
2 68500  97.7581  77.2468 0002491 143.8024 216.3363 14.91426261  4273
TRANSPORTER-16 OBJECT CP
1 68501U 26067CP  26118.21986545  .00002500  00000+0  25670-3 0  9998
2 68501  97.7593  77.2445 0003289 164.2337 195.8984 14.91271275  4275
ICEYE-X76               
1 68502U 26067CQ  26118.21449690  .00001384  00000+0  14373-3 0  9991
2 68502  97.7587  77.2503 0002599 136.8650 223.2773 14.91534566  4277
FLYLAB2                 
1 68503U 26067CR  26118.16304006  .00002739  00000+0  28565-3 0  9990
2 68503  97.7534  77.1482 0004053 212.1196 147.9775 14.90561946  4269
ICEYE-X72               
1 68504U 26067CS  26118.20956418  .00002728  00000+0  27597-3 0  9998
2 68504  97.7587  77.2572 0003014 116.8812 243.2716 14.91798312  4276
GEMS2-AMETHYST          
1 68505U 26067CT  26118.16390989  .00005700  00000+0  58575-3 0  9992
2 68505  97.7571  77.1576 0004697 191.8828 168.2280 14.90734475  4261
STARLINK-37262          
1 68508U 26068A   26117.85255970  .00213685  00000+0  10556-2 0  9990
2 68508  53.1557 262.9426 0000879  59.2691 300.8418 15.80954005  4445
STARLINK-36292          
1 68509U 26068B   26118.25002315 -.02378734  00000+0 -18409-1 0  9994
2 68509  53.1584 260.9669 0000928  77.1144  17.7934 15.74750759  5733
STARLINK-37260          
1 68510U 26068C   26118.29359625  .00200668  00000+0  99546-3 0  9998
2 68510  53.1564 260.7140 0000639  16.7339 343.3704 15.80901307  4511
STARLINK-37280          
1 68511U 26068D   26118.25002315  .00057018  00000+0  29091-3 0  9993
2 68511  53.1552 260.9242 0000701  92.4522  23.7907 15.80843493  5773
STARLINK-37286          
1 68512U 26068E   26118.10244689  .00483260  00000+0  23024-2 0  9991
2 68512  53.1570 261.6546 0002438  53.8647 306.2601 15.81016525  4483
STARLINK-36250          
1 68513U 26068F   26118.25002315 -.02399443  00000+0 -23964-1 0  9991
2 68513  53.1589 261.0133 0000838  72.6615 358.9034 15.68221060  5736
STARLINK-37251          
1 68514U 26068G   26118.25002315 -.02295155  00000+0 -33900-1 0  9998
2 68514  53.1600 261.2443 0000830  94.9641 223.5226 15.58209025  5775
STARLINK-36293          
1 68515U 26068H   26118.25002315 -.02340738  00000+0 -23726-1 0  9992
2 68515  53.1594 261.0066 0000848  79.1101 355.6571 15.67780219  5737
STARLINK-36290          
1 68516U 26068J   26118.25002315 -.02351568  00000+0 -17102-1 0  9997
2 68516  53.1580 260.8955 0001061  74.1248  55.6470 15.76107381  5730
STARLINK-36298          
1 68517U 26068K   26118.25002315 -.02267608  00000+0 -39012-1 0  9993
2 68517  53.1600 261.3668 0001173  94.3502 163.1317 15.54090701  5730
STARLINK-36857          
1 68518U 26068L   26118.25002315 -.02327498  00000+0 -25163-1 0  9990
2 68518  53.1593 261.0043 0000792  80.2743 355.5984 15.66188385  5773
STARLINK-36326          
1 68519U 26068M   26118.25002315 -.02309363  00000+0 -24800-1 0  9999
2 68519  53.1596 261.0119 0000758  79.5483 352.6047 15.66327700  5779
STARLINK-37126          
1 68520U 26068N   26117.59807398 -.00776040  00000+0 -68022-2 0  9994
2 68520  53.1596 264.1966 0000964 144.8803 215.2279 15.70472415  4405
STARLINK-36347          
1 68521U 26068P   26118.25002315 -.01910932  00000+0 -17990-1 0  9993
2 68521  53.1592 260.9494 0000919  84.3381  18.4994 15.69430434  5772
STARLINK-36322          
1 68522U 26068Q   26118.25002315 -.02290521  00000+0 -18908-1 0  9990
2 68522  53.1589 260.8695 0000974  78.9029  63.0366 15.73130127  5736
STARLINK-37208          
1 68523U 26068R   26118.25002315 -.02316091  00000+0 -21540-1 0  9998
2 68523  53.1590 260.8917 0001050  65.9675  65.0217 15.70388658  5777
STARLINK-36302          
1 68524U 26068S   26118.25002315 -.02415835  00000+0 -31505-1 0  9997
2 68524  53.1597 261.0577 0000579  87.8425 321.5283 15.61624142  5775
STARLINK-36311          
1 68525U 26068T   26117.53438505 -.01074991  00000+0 -10907-1 0  9998
2 68525  53.1595 264.5100 0001174 146.5490 213.5601 15.67362020  4392
STARLINK-37178          
1 68526U 26068U   26118.25002315 -.02253289  00000+0 -31821-1 0  9993
2 68526  53.1597 261.1182 0000608  81.9189 297.8126 15.59318830  5777
STARLINK-37248          
1 68527U 26068V   26118.25002315  .00079149  00000+0  40165-3 0  9994
2 68527  53.1552 260.7830 0000656  79.6291 104.9643 15.80831221  5775
STARLINK-37241          
1 68528U 26068W   26118.25002315 -.01914065  00000+0 -16605-1 0  9993
2 68528  53.1588 260.8437 0000969  83.8220  70.6335 15.71372429  5772
STARLINK-37244          
1 68529U 26068X   26118.25002315 -.02269230  00000+0 -32438-1 0  9994
2 68529  53.1596 261.0970 0000666  83.8506 306.0369 15.59026230  5773
STARLINK-36285          
1 68530U 26068Y   26118.25002315 -.01912448  00000+0 -17463-1 0  9992
2 68530  53.1591 260.8563 0000941  85.6694  62.5400 15.70159445  5733
STARLINK-36294          
1 68531U 26068Z   26118.25002315 -.01909650  00000+0 -18344-1 0  9993
2 68531  53.1588 260.8715 0000929  79.8035  60.8961 15.68945478  5738
STARLINK-36249          
1 68532U 26068AA  26118.25002315 -.02302432  00000+0 -33167-1 0  9990
2 68532  53.1593 261.0531 0000685  89.4242 321.7946 15.58877007  5733
STARLINK-36252          
1 68533U 26068AB  26118.28604979 -.00971283  00000+0 -90340-2 0  9999
2 68533  53.1581 260.6612 0005720 338.2987  21.7787 15.69146439  4517
STARLINK-36299          
1 68534U 26068AC  26118.25002315 -.02408788  00000+0 -28772-1 0  9999
2 68534  53.1589 260.9173 0000779  87.7171  29.9853 15.63832584  5737
STARLINK-37234          
1 68535U 26068AD  26117.53082646 -.01142756  00000+0 -12509-1 0  9995
2 68535  53.1597 264.4854 0000692  57.2857 302.8225 15.65224930  4398
STARLINK-37173          
1 68536U 26068AE  26118.25002315 -.02276404  00000+0 -35696-1 0  9992
2 68536  53.1595 261.1116 0000425  90.4984 291.5240 15.56602187  5774
SWC-1                   
1 68540U 26069C   26107.51011483 -.00000351  00000+0  00000+0 0  9993
2 68540  28.3533 357.7706 8357664  80.9928 279.0715  1.01840683   168
STARLINK-37326          
1 68542U 26070A   26118.32267381  .00178788  00000+0  88748-3 0  9996
2 68542  53.1567 135.6459 0001096  95.5817 264.5331 15.80952422  4105
STARLINK-36308          
1 68543U 26070B   26118.32192763  .00334794  00000+0  16322-2 0  9997
2 68543  53.1570 135.6403 0001424  84.4782 275.6403 15.80908939  4109
STARLINK-37263          
1 68544U 26070C   26118.32042500  .00305507  00000+0  14907-2 0  9998
2 68544  53.1564 135.6295 0001504 103.6833 256.4357 15.80969136  4103
STARLINK-37289          
1 68545U 26070D   26118.32123541 -.00441101  00000+0 -24042-2 0  9998
2 68545  53.1569 135.6353 0001288 130.4387 229.6748 15.80352461  4108
STARLINK-37290          
1 68546U 26070E   26118.31967606  .00324814  00000+0  15857-2 0  9999
2 68546  53.1566 135.6238 0001124  81.2324 278.8826 15.80905515  4108
STARLINK-37245          
1 68547U 26070F   26118.31817737  .00539381  00000+0  25295-2 0  9993
2 68547  53.1572 135.6138 0002917 110.1230 250.0107 15.81214418  4104
STARLINK-37145          
1 68548U 26070G   26118.25494358 -.00051649  00000+0 -25825-3 0  9995
2 68548  53.1566 135.9305 0000536 160.1225 199.9819 15.80994733  4094
STARLINK-36204          
1 68549U 26070H   26118.31742307  .00220058  00000+0  10867-2 0  9992
2 68549  53.1570 135.6095 0001247 104.8287 255.2874 15.80944972  4105
STARLINK-36304          
1 68550U 26070J   26118.31592261  .00244307  00000+0  12021-2 0  9993
2 68550  53.1565 135.5991 0001398 128.3210 231.7939 15.80954126  4102
STARLINK-37288          
1 68551U 26070K   26118.31517259  .00294229  00000+0  14381-2 0  9997
2 68551  53.1568 135.5936 0001164  87.4532 272.6624 15.80961763  4108
STARLINK-37295          
1 68552U 26070L   26118.31665954  .00114268  00000+0  57469-3 0  9993
2 68552  53.1569 135.6032 0001263 119.3610 240.7539 15.80878500  4107
STARLINK-37254          
1 68553U 26070M   26118.31292214  .00367015  00000+0  17820-2 0  9995
2 68553  53.1566 135.5782 0001464  88.1592 271.9599 15.80910765  4103
STARLINK-37255          
1 68554U 26070N   26117.55353350  .00257024  00000+0  12623-2 0  9994
2 68554  53.1583 139.3767 0000600 107.5885 252.5204 15.80958818  3984
STARLINK-37146          
1 68555U 26070P   26118.31442502  .00304549  00000+0  14903-2 0  9996
2 68555  53.1572 135.5891 0001212  79.1298 280.9861 15.80908442  4108
STARLINK-37144          
1 68556U 26070Q   26118.31142344  .00168359  00000+0  83732-3 0  9992
2 68556  53.1573 135.5677 0001845  97.2588 262.8645 15.80941933  4108
STARLINK-37210          
1 68557U 26070R   26118.31215065 -.00038966  00000+0 -19441-3 0  9992
2 68557  53.1582 135.5736 0001409 101.1200 258.9981 15.80911522  4107
STARLINK-37227          
1 68558U 26070S   26118.31067339  .00375842  00000+0  18243-2 0  9995
2 68558  53.1570 135.5635 0001296 124.0410 236.0737 15.80894149  4105
STARLINK-37294          
1 68559U 26070T   26117.55052793  .00567772  00000+0  26697-2 0  9996
2 68559  53.1569 139.3560 0004217   2.5589 357.5455 15.81081671  3986
STARLINK-37291          
1 68560U 26070U   26118.30917728  .00333276  00000+0  16198-2 0  9995
2 68560  53.1568 135.5519 0000941 138.1852 221.9242 15.80978318  4103
STARLINK-37114          
1 68561U 26070V   26118.24520442  .00490770  00000+0  23438-2 0  9990
2 68561  53.1574 135.8648 0000851 100.8459 259.2660 15.80942383  4095
STARLINK-37233          
1 68562U 26070W   26118.24368443  .00446989  00000+0  21501-2 0  9994
2 68562  53.1580 135.8495 0003879 164.3117 195.8027 15.80901340  4092
STARLINK-36238          
1 68563U 26070X   26118.05398609 -.02240350  00000+0 -12546-1 0  9997
2 68563  53.1567 136.8047 0001651 209.7795 150.3135 15.81634345  4066
STARLINK-37008          
1 68564U 26070Y   26118.30617231  .00226566  00000+0  11179-2 0  9992
2 68564  53.1578 135.5350 0001446  76.7404 283.3780 15.80944117  4101
STARLINK-37161          
1 68565U 26070Z   26118.30543901  .00415931  00000+0  20040-2 0  9998
2 68565  53.1574 135.5288 0001999  77.9263 282.1983 15.80949488  4105
STARLINK-37212          
1 68566U 26070AA  26118.30467018  .00525713  00000+0  25055-2 0  9994
2 68566  53.1573 135.5230 0001147  53.3638 306.7490 15.80896350  4106
STARLINK-37261          
1 68567U 26070AB  26118.30392106  .00264391  00000+0  12974-2 0  9998
2 68567  53.1575 135.5166 0001130  76.3820 283.7329 15.80957601  4109
STARLINK-37283          
1 68568U 26070AC  26117.89623439  .01711292  00000+0  64361-2 0  9993
2 68568  53.1566 137.9720 0011223 222.5405 137.4751 15.84179283  4032
STARLINK-37256          
1 68569U 26070AD  26118.34025338  .00314628  00000+0  15357-2 0  9991
2 68569  53.1571 135.7615 0001074  99.5557 260.5587 15.80936082  4108
STARLINK-37228          
1 68570U 26070AE  26118.33875575  .00193936  00000+0  96170-3 0  9998
2 68570  53.1568 135.7532 0001684 112.1346 247.9855 15.80929183  4100
MERIDIAN-M 21L          
1 68571U 26071A   26115.37654476 -.00000067  00000+0  00000+0 0  9992
2 68571  62.7870 235.8371 7209010 285.0296  11.0051  2.00619164   455
FREGAT R/B              
1 68572U 26071B   26093.32132148 -.00001541  00000+0  35052-3 0  9997
2 68572  63.0589 237.9448 7313819 284.9724  10.3188  2.01041412    13
KUIPER-00131            
1 68573U 26072A   26118.25002315 -.01141398  00000+0 -60973-1 0  9996
2 68573  51.8811  59.0759 0006336 179.6316 337.3343 15.17449496  4629
KUIPER-00189            
1 68574U 26072B   26118.25002315  .00044587  00000+0  30397-2 0  9994
2 68574  51.8902  60.2720 0001465  85.5814 183.3906 15.05803891  4195
KUIPER-00192            
1 68575U 26072C   26118.25002315  .00076412  00000+0  25777-2 0  9993
2 68575  51.8798  58.5468 0004938 191.2428 269.6426 15.30011523  3311
KUIPER-00193            
1 68576U 26072D   26118.21863845  .00035011  00000+0  92928-3 0  9996
2 68576  51.8758  58.5227 0003636 171.2466 188.8585 15.37957216  3699
KUIPER-00194            
1 68577U 26072E   26118.21355038  .00032398  00000+0  85498-3 0  9996
2 68577  51.8782  58.4908 0002760 166.8954 193.2106 15.38176229  3698
KUIPER-00229            
1 68578U 26072F   26118.25002315  .00054726  00000+0  23668-2 0  9997
2 68578  51.8787  59.1148 0007681 202.6746 352.9003 15.21897151  4746
KUIPER-00230            
1 68579U 26072G   26118.20675944  .00027056  00000+0  70346-3 0  9999
2 68579  51.8780  58.4441 0001533 132.7749 227.3368 15.38731019  3694
KUIPER-00231            
1 68580U 26072H   26118.21378925  .00030894  00000+0  81164-3 0  9995
2 68580  51.8765  58.4944 0002613 166.5775 193.5283 15.38338462  3696
KUIPER-00234            
1 68581U 26072J   26118.20782049 -.00104689  00000+0 -27303-2 0  9991
2 68581  51.8771  58.4551 0001932  96.8791 263.2416 15.38602052  3696
KUIPER-00236            
1 68582U 26072K   26118.20942705  .00030686  00000+0  79973-3 0  9993
2 68582  51.8770  58.4643 0002289 146.5342 213.5791 15.38589708  3695
KUIPER-00244            
1 68583U 26072L   26118.21539234  .00028338  00000+0  74885-3 0  9992
2 68583  51.8777  58.5023 0003682 177.3368 182.7640 15.38200892  3698
KUIPER-00253            
1 68584U 26072M   26118.09253313  .00033286  00000+0  89141-3 0  9999
2 68584  51.8734  59.1764 0004988 179.1382 180.9615 15.37702127  3674
KUIPER-00254            
1 68585U 26072N   26118.16624088  .00024565  00000+0  67277-3 0  9995
2 68585  51.8734  58.9183 0007231 188.3998 171.6869 15.37159083  3682
KUIPER-00263            
1 68586U 26072P   26118.20616194  .00026870  00000+0  69768-3 0  9998
2 68586  51.8777  58.4419 0002167 117.6176 242.5032 15.38775151  3695
KUIPER-00269            
1 68587U 26072Q   26118.21969941  .00027272  00000+0  72821-3 0  9992
2 68587  51.8765  58.5323 0004097 167.8515 192.2572 15.37900637  3694
KUIPER-00272            
1 68588U 26072R   26118.25002315  .00063157  00000+0  21739-2 0  9993
2 68588  51.8777  58.5676 0005626 182.1702 244.4690 15.29443327  3225
KUIPER-00285            
1 68589U 26072S   26118.22472061  .00018105  00000+0  49140-3 0  9990
2 68589  51.8750  58.5629 0006113 186.5677 173.5231 15.37646335  3693
KUIPER-00286            
1 68590U 26072T   26118.02351003  .00027746  00000+0  73988-3 0  9990
2 68590  51.8756  59.4658 0004153 167.7283 192.3806 15.37931269  3666
KUIPER-00289            
1 68591U 26072U   26118.24539005  .00027997  00000+0  78526-3 0  9996
2 68591  51.8665  58.6845 0010618 204.8587 155.1889 15.36313465  3690
KUIPER-00290            
1 68592U 26072V   26118.30971217  .00025791  00000+0  72418-3 0  9993
2 68592  51.8651  58.3642 0010740 201.6899 158.3634 15.36324682  3703
KUIPER-00293            
1 68593U 26072W   26118.12114955  .00009528  00000+0  28132-3 0  9996
2 68593  51.8640  59.3478 0010885 208.2318 151.8079 15.35602369  3676
KUIPER-00294            
1 68594U 26072X   26118.24110082  .00033562  00000+0  93109-3 0  9998
2 68594  51.8696  58.6634 0009393 205.2897 154.7631 15.36573281  3694
KUIPER-00296            
1 68595U 26072Y   26118.17013055  .00025558  00000+0  70377-3 0  9991
2 68595  51.8713  58.9412 0008215 194.1712 165.9045 15.36960115  3684
KUIPER-00297            
1 68596U 26072Z   26118.24346286  .00026734  00000+0  75260-3 0  9998
2 68596  51.8638  58.6679 0009996 199.7910 160.2689 15.36230388  3696
KUIPER-00300            
1 68597U 26072AA  26118.23211719  .00017998  00000+0  49611-3 0  9993
2 68597  51.8689  58.6029 0007793 194.5298 165.5466 15.37159473  3694
KUIPER-00301            
1 68598U 26072AB  26118.30216501  .00026667  00000+0  73669-3 0  9999
2 68598  51.8671  58.3192 0008430 199.4023 160.6644 15.36833355  3706
KUIPER-00304            
1 68599U 26072AC  26118.23853964  .00017957  00000+0  50167-3 0  9992
2 68599  51.8678  58.6426 0009156 197.8369 162.2298 15.36733259  3691
KUIPER-00317            
1 68600U 26072AD  26118.23428355  .00027517  00000+0  75781-3 0  9999
2 68600  51.8700  58.6183 0008763 190.3407 169.7400 15.36910178  3698
KUIPER-00320            
1 68601U 26072AE  26118.11654146  .00037141  00000+0  10409-2 0  9995
2 68601  51.8613  59.3119 0011026 202.1249 157.9262 15.36191621  3678
STARLINK-37135          
1 68602U 26073A   26118.17814197  .00215623  00000+0  14068-2 0  9995
2 68602  97.2844 316.3428 0001298  76.1724 283.9686 15.75247986  3348
STARLINK-37189          
1 68603U 26073B   26118.25002315 -.00036802  00000+0 -24682-3 0  9992
2 68603  97.2839 316.4888 0001631  88.2600 121.1921 15.75199524  4500
STARLINK-37130          
1 68604U 26073C   26118.29496439  .00157415  00000+0  10353-2 0  9992
2 68604  97.2840 316.4886 0001305  93.1818 266.9597 15.75225012  3367
STARLINK-37131          
1 68605U 26073D   26118.00002315  .00076288  00000+0  50864-3 0  9998
2 68605  97.2833 316.2195 0001489  95.6128 125.1473 15.75150687  4461
STARLINK-37253          
1 68606U 26073E   26118.25002315 -.00020928  00000+0 -13984-3 0  9990
2 68606  97.2838 316.5167 0000901  60.8106 214.6569 15.75180492  4509
STARLINK-37246          
1 68607U 26073F   26118.30096341  .00101949  00000+0  67673-3 0  9994
2 68607  97.2843 316.4808 0001389  99.9305 260.2117 15.75173711  3367
STARLINK-37243          
1 68608U 26073G   26118.19770389  .00255234  00000+0  12897-2 0  9997
2 68608  97.2828 316.4695 0001262  74.2932 285.8476 15.80899018  3358
STARLINK-37250          
1 68609U 26073H   26118.13365147  .00149255  00000+0  76485-3 0  9993
2 68609  97.2831 316.4032 0001474  86.8721 273.2716 15.80868806  3346
STARLINK-37105          
1 68610U 26073J   26118.28861556  .00200668  00000+0  13104-2 0  9990
2 68610  97.2840 316.4974 0001201  73.0474 287.0923 15.75268669  3364
STARLINK-37177          
1 68611U 26073K   26118.19544895  .00255294  00000+0  12903-2 0  9996
2 68611  97.2825 316.4724 0001188  86.0236 274.1168 15.80894719  3359
STARLINK-36386          
1 68612U 26073L   26118.19469863  .00153253  00000+0  78539-3 0  9998
2 68612  97.2826 316.4731 0001238  90.8229 269.3181 15.80856871  3358
STARLINK-36187          
1 68613U 26073M   26118.19394690  .00146426  00000+0  75084-3 0  9990
2 68613  97.2826 316.4737 0001523  70.2167 289.9265 15.80862056  3358
STARLINK-37170          
1 68614U 26073N   26118.25002315 -.00062339  00000+0 -41966-3 0  9992
2 68614  97.2832 316.5063 0001573  86.3292 167.1125 15.75215011  4508
STARLINK-37176          
1 68615U 26073P   26118.26285377  .00270350  00000+0  17543-2 0  9990
2 68615  97.2828 316.5323 0002214  61.5762 298.5726 15.75220278  3363
STARLINK-37152          
1 68616U 26073Q   26118.28084594  .00224267  00000+0  14631-2 0  9992
2 68616  97.2834 316.5071 0001683  69.2330 290.9115 15.75225358  3368
STARLINK-37186          
1 68617U 26073R   26118.06434074  .00239290  00000+0  12116-2 0  9999
2 68617  97.2824 316.3434 0002143  79.5164 280.6346 15.80895879  3336
STARLINK-37179          
1 68618U 26073S   26118.25002315 -.00078027  00000+0 -52611-3 0  9996
2 68618  97.2834 316.5099 0003692  89.7933 173.6483 15.75220206  4507
STARLINK-37226          
1 68619U 26073T   26118.27238119  .00153621  00000+0  10115-2 0  9996
2 68619  97.2832 316.5181 0001351  80.1583 279.9835 15.75211432  3369
STARLINK-37211          
1 68620U 26073U   26118.26073494  .00197178  00000+0  12917-2 0  9997
2 68620  97.2832 316.5349 0001731  84.0784 276.0679 15.75204035  3360
STARLINK-37269          
1 68621U 26073V   26118.28684953  .00266563  00000+0  17284-2 0  9995
2 68621  97.2840 316.4992 0001204  84.0670 276.0732 15.75249209  3364
STARLINK-37252          
1 68622U 26073W   26118.27449823  .00177300  00000+0  11631-2 0  9990
2 68622  97.2835 316.5150 0001605  86.6084 273.5365 15.75228249  3363
STARLINK-37284          
1 68623U 26073X   26118.25002315  .00032077  00000+0  16766-3 0  9996
2 68623  97.2827 316.5525 0001585 111.6836 250.1076 15.80805781  4507
STARLINK-37231          
1 68624U 26073Y   26118.28473072  .00178335  00000+0  11697-2 0  9997
2 68624  97.2842 316.5024 0001431  89.8520 270.2909 15.75230642  3368
STARLINK-37249          
1 68625U 26073Z   26118.05900644 -.00835608  00000+0 -53947-2 0  9992
2 68625  97.2828 316.3509 0000725 121.7898 238.3440 15.78236166  3330
STARLINK-37285          
1 68626U 26073AA  26118.28225973  .00210114  00000+0  13721-2 0  9996
2 68626  97.2839 316.5052 0001280  96.6007 263.5404 15.75241213  3366
STP-S29A OBJECT A       
1 68627U 26074A   26118.06786660  .00009494  00000+0  40521-3 0  9995
2 68627  60.0195  10.5206 0018451 328.0701  31.9259 15.23405332  3141
MISR-C-1                
1 68628U 26074B   26118.13213438  .00011231  00000+0  47588-3 0  9994
2 68628  60.0248  10.2797 0016929 331.0202  28.9937 15.23513899  3148
RAWHIDE-1               
1 68629U 26074C   26118.12609583  .00012567  00000+0  52264-3 0  9994
2 68629  60.0232  10.2438 0020283 336.3004  23.7140 15.23994575  3154
STPSAT-7                
1 68630U 26074D   26118.18814977  .00006114  00000+0  25949-3 0  9998
2 68630  60.0235   9.9753 0018473 341.2882  18.7517 15.24165414  3156
STP-S29A OBJECT E       
1 68631U 26074E   26118.18810820  .00004430  00000+0  19142-3 0  9999
2 68631  60.0231   9.9723 0019105 341.2766  18.7610 15.24140830  3164
RAWHIDE-2               
1 68632U 26074F   26118.24629540  .00011833  00000+0  48127-3 0  9994
2 68632  60.0328   9.7111 0019347 346.4650  13.5909 15.24813260  3166
MISR-C-2                
1 68633U 26074G   26118.17516320  .00012029  00000+0  48324-3 0  9995
2 68633  60.0235   9.9072 0020039 352.5084   7.5694 15.25200144  3156
AGGIESAT6 (AGS6)        
1 68634U 26074H   26117.97342465  .00011599  00000+0  46107-3 0  9998
2 68634  60.0230  10.6341 0020957 355.6398   4.4497 15.25571099  3136
CANVAS                  
1 68635U 26074J   26118.12299384  .00014774  00000+0  60727-3 0  9990
2 68635  60.0244  10.2345 0020677 339.6841  20.3415 15.24257850  3150
QIANFAN-109             
1 68636U 26075A   26118.30015766  .00000122  00000+0  51467-4 0  9996
2 68636  88.9894 326.3334 0015387 146.5716 213.6448 14.19020916  2941
QIANFAN-110             
1 68637U 26075B   26118.30230125  .00000128  00000+0  55663-4 0  9993
2 68637  88.9895 326.3340 0016209 147.4961 212.7229 14.17659205  2940
QIANFAN-111             
1 68638U 26075C   26118.29183895  .00000126  00000+0  53131-4 0  9999
2 68638  88.9895 326.3325 0016118 149.7502 210.4622 14.19331922  2946
QIANFAN-112             
1 68639U 26075D   26118.29344489  .00000140  00000+0  59855-4 0  9993
2 68639  88.9896 326.3326 0016578 148.0546 212.1652 14.19388481  2943
QIANFAN-113             
1 68640U 26075E   26118.28676031  .00000124  00000+0  51804-4 0  9993
2 68640  88.9896 326.3318 0016258 147.3225 212.8975 14.19430394  2943
QIANFAN-114             
1 68641U 26075F   26118.27564967  .00000140  00000+0  58435-4 0  9992
2 68641  88.9896 326.3300 0016670 149.1850 211.0322 14.20442396  2941
QIANFAN-115             
1 68642U 26075G   26118.27405814  .00000127  00000+0  52282-4 0  9997
2 68642  88.9895 326.3296 0016221 149.1501 211.0646 14.20357798  2940
QIANFAN-116             
1 68643U 26075H   26118.27093113  .00000144  00000+0  59980-4 0  9994
2 68643  88.9894 326.3289 0015992 148.4966 211.7186 14.20672144  2944
QIANFAN-117             
1 68644U 26075J   26118.27866610  .00000128  00000+0  53277-4 0  9990
2 68644  88.9895 326.3303 0016038 147.6415 212.5763 14.20247438  2949
QIANFAN-118             
1 68645U 26075K   26118.26823640  .00000144  00000+0  59076-4 0  9997
2 68645  88.9894 326.3286 0015409 146.5714 213.6453 14.21390212  2948
QIANFAN-119             
1 68646U 26075L   26118.25886309  .00000127  00000+0  50246-4 0  9999
2 68646  88.9897 326.3276 0015740 148.1666 212.0480 14.22771719  2942
QIANFAN-120             
1 68647U 26075M   26118.25984568  .00000146  00000+0  59137-4 0  9995
2 68647  88.9897 326.3278 0015824 148.1875 212.0276 14.22214284  2942
QIANFAN-121             
1 68648U 26075N   26118.25767984  .00000153  00000+0  62188-4 0  9995
2 68648  88.9896 326.3274 0015252 149.2095 210.9994 14.22352701  2940
QIANFAN-122             
1 68649U 26075P   26118.25312163  .00000147  00000+0  59041-4 0  9998
2 68649  88.9896 326.3266 0015391 148.4220 211.7898 14.22897276  2940
QIANFAN-123             
1 68650U 26075Q   26118.27620767  .00000134  00000+0  55752-4 0  9995
2 68650  88.9893 326.3294 0015741 148.4340 211.7798 14.20190481  2910
QIANFAN-124             
1 68651U 26075R   26118.25352210  .00000155  00000+0  62784-4 0  9995
2 68651  88.9896 326.3267 0015973 148.2390 211.9769 14.22717450  2940
QIANFAN-125             
1 68652U 26075S   26118.24860710  .00000148  00000+0  58629-4 0  9999
2 68652  88.9897 326.3262 0015686 148.6848 211.5282 14.23397335  2943
QIANFAN-126             
1 68653U 26075T   26118.30899694  .00000133  00000+0  50565-4 0  9995
2 68653  88.9896 326.3163 0015749 147.9719 212.2434 14.24951567  2954
CZ-8 R/B                
1 68654U 26075U   26118.24472714  .00000320  00000+0  93428-4 0  9992
2 68654  88.9886 326.2650 0073197  52.4336 308.3484 14.40038754  2965
HULIANWANG DIGUI-164    
1 68656U 26076A   26117.80515443 -.00000962  00000+0 -11029-2 0  9992
2 68656  86.4949  61.3677 0002912 112.4287 247.7182 13.70656822  2623
HULIANWANG DIGUI-165    
1 68657U 26076B   26117.80197960  .00000174  00000+0  17675-3 0  9990
2 68657  86.4991  61.3732 0002188 107.3254 252.8146 13.70827200  2622
HULIANWANG DIGUI-166    
1 68658U 26076C   26117.79860587 -.00000535  00000+0 -61869-3 0  9998
2 68658  86.4903  61.3524 0002917 112.5996 247.5474 13.71009965  2622
HULIANWANG DIGUI-167    
1 68659U 26076D   26117.79496428 -.00000056  00000+0 -81759-4 0  9997
2 68659  86.4992  61.3698 0002213 116.1619 243.9770 13.71173387  2623
HULIANWANG DIGUI-168    
1 68660U 26076E   26117.86413141 -.00000667  00000+0 -76373-3 0  9991
2 68660  86.4985  61.3344 0001852  85.7575 274.3797 13.71171242  2620
CZ-6A R/B               
1 68661U 26076F   26118.31926777 -.00000001  00000+0 -10818-4 0  9992
2 68661  86.5079  60.8239 0106688  50.7767 310.2826 14.09392141  2753
STARLINK-37195          
1 68662U 26077A   26118.26793714  .00139364  00000+0  91898-3 0  9990
2 68662  97.2848 349.5877 0001356  77.5424 282.5993 15.75217138  2713
STARLINK-37222          
1 68663U 26077B   26118.26687879  .00123646  00000+0  81697-3 0  9997
2 68663  97.2852 349.5897 0001451  99.1807 260.9622 15.75216370  2718
STARLINK-37153          
1 68664U 26077C   26118.26758430  .00218985  00000+0  14291-2 0  9996
2 68664  97.2850 349.5881 0001995 151.2085 208.9291 15.75231803  2713
STARLINK-37171          
1 68665U 26077D   26118.26553160 -.00377907  00000+0 -26998-2 0  9999
2 68665  97.2851 349.5899 0001926  53.4908 306.6534 15.74724945  2714
STARLINK-37109          
1 68666U 26077E   26118.26511289  .00139299  00000+0  91820-3 0  9991
2 68666  97.2849 349.5912 0001310 110.4709 249.6697 15.75226389  2714
STARLINK-36295          
1 68667U 26077F   26118.26440804  .00199354  00000+0  13034-2 0  9994
2 68667  97.2849 349.5918 0001410  64.2495 295.8916 15.75244519  2712
STARLINK-37221          
1 68668U 26077G   26118.25558579  .00153880  00000+0  10125-2 0  9995
2 68668  97.2853 349.6041 0001309  94.6243 265.5171 15.75225138  2714
STARLINK-37302          
1 68669U 26077H   26118.26158508  .00149829  00000+0  98668-3 0  9992
2 68669  97.2849 349.5951 0001186  96.9378 263.2022 15.75217911  2716
STARLINK-37298          
1 68670U 26077J   26118.26264382  .00162706  00000+0  10694-2 0  9993
2 68670  97.2849 349.5934 0001238  88.5284 271.6123 15.75226936  2712
STARLINK-37224          
1 68671U 26077K   26118.26087921  .00163755  00000+0  10761-2 0  9996
2 68671  97.2850 349.5957 0001253  88.2442 271.8967 15.75227266  2715
STARLINK-37296          
1 68672U 26077L   26118.26052609  .00150253  00000+0  98910-3 0  9994
2 68672  97.2847 349.5961 0001228 104.9016 255.2386 15.75225237  2719
STARLINK-37316          
1 68673U 26077M   26118.25982097  .00137253  00000+0  90510-3 0  9990
2 68673  97.2848 349.5976 0001526  68.4858 291.6570 15.75222182  2711
STARLINK-36672          
1 68674U 26077N   26118.25840945  .00289944  00000+0  18781-2 0  9990
2 68674  97.2850 349.5989 0001345 107.7893 252.3519 15.75206781  2718
STARLINK-36669          
1 68675U 26077P   26118.25735075  .00109578  00000+0  72548-3 0  9994
2 68675  97.2848 349.6012 0001249  76.2659 283.8745 15.75210877  2718
STARLINK-37312          
1 68676U 26077Q   26118.25311534  .00158489  00000+0  10421-2 0  9991
2 68676  97.2850 349.6066 0001386  77.3190 282.8231 15.75228590  2715
STARLINK-36168          
1 68677U 26077R   26118.31876010  .00073495  00000+0  48909-3 0  9990
2 68677  97.2852 349.6705 0001304  92.3701 267.7713 15.75203816  2725
STARLINK-37122          
1 68678U 26077S   26118.25417436  .00090532  00000+0  60107-3 0  9992
2 68678  97.2850 349.6046 0001287  71.6234 288.5171 15.75203773  2713
STARLINK-37310          
1 68679U 26077T   26118.25346814  .00089196  00000+0  59229-3 0  9991
2 68679  97.2852 349.6065 0001044  99.6817 260.4566 15.75204604  2716
STARLINK-37306          
1 68680U 26077U   26118.25135169  .00164024  00000+0  10778-2 0  9991
2 68680  97.2850 349.6084 0001500  59.7232 300.4182 15.75228491  2711
STARLINK-37307          
1 68681U 26077V   26118.25170419  .00137321  00000+0  90568-3 0  9995
2 68681  97.2849 349.6082 0001497 110.8792 249.2634 15.75218567  2718
STARLINK-37300          
1 68682U 26077W   26118.24747009  .00128173  00000+0  84646-3 0  9995
2 68682  97.2849 349.6146 0001498  68.7405 291.4020 15.75214563  2713
STARLINK-37304          
1 68683U 26077X   26118.24782342  .00135825  00000+0  89614-3 0  9997
2 68683  97.2848 349.6135 0001560  57.4249 302.7167 15.75214470  2717
STARLINK-37287          
1 68684U 26077Y   26118.24887890  .00206392  00000+0  13476-2 0  9992
2 68684  97.2847 349.6119 0001339 107.8587 252.2825 15.75255538  2718
STARLINK-36278          
1 68685U 26077Z   26118.24676178  .00157374  00000+0  10349-2 0  9999
2 68685  97.2846 349.6151 0001213 105.7756 254.3643 15.75229781  2712
STARLINK-37213          
1 68686U 26077AA  26118.24993879  .00173250  00000+0  11367-2 0  9992
2 68686  97.2848 349.6095 0001403 105.4057 254.7363 15.75236569  2719
GUOWANG TEST OBJECT A   
1 68687U 26078A   26115.04790389  .00000325  00000+0  35886-3 0  9995
2 68687  86.4971 300.9670 0008270 240.4205 119.6131 13.68817347  1844
GUOWANG TEST OBJECT B   
1 68688U 26078B   26118.27604241  .00000364  00000+0  11443-3 0  9991
2 68688  86.5858 299.4366 0250820 331.3628  27.3971 14.21580295  2378
CYGNUS NG-24            
1 68689U 26079A   26118.19998100  .00008365  00000+0  15976-3 0  9998
2 68689  51.6320 187.5201 0007064 359.4554   0.6426 15.49001185  2657
GUOWANG TEST OBJECT C   
1 68690U 26078C   26118.29402836  .00005514  00000+0  25389-3 0  9998
2 68690  86.6397 299.1197 0442413 328.9538  28.6187 14.61853777  2445
JILIN GAOFEN OBJECT A   
1 68691U 26080A   26118.27547138  .00000931  00000+0  63919-4 0  9995
2 68691  97.6638 193.8907 0011394 230.3161 129.7063 15.08414884  2139
JILIN GAOFEN OBJECT B   
1 68692U 26080B   26117.93603061  .00004819  00000+0  30505-3 0  9999
2 68692  97.6610 193.5665 0014456 228.6163 131.3824 15.09378225  2089
JILIN GAOFEN OBJECT C   
1 68693U 26080C   26117.14575679  .00000944  00000+0  64643-4 0  9992
2 68693  97.6630 192.7660 0013164 216.5655 143.4676 15.08464103  1960
JILIN GAOFEN OBJECT D   
1 68694U 26080D   26117.13968559  .00001673  00000+0  10837-3 0  9990
2 68694  97.6677 192.7815 0014644 233.4097 126.5785 15.09459501  1944
JILIN GAOFEN OBJECT E   
1 68695U 26080E   26116.14522730  .00001660  00000+0  10757-3 0  9995
2 68695  97.6649 191.7850 0014871 236.8071 123.1732 15.09457879  1775
JILIN GAOFEN OBJECT F   
1 68696U 26080F   26116.14479678  .00001769  00000+0  11423-3 0  9999
2 68696  97.6624 191.7816 0013883 239.3362 120.6499 15.09515762  1772
JILIN GAOFEN OBJECT G   
1 68697U 26080G   26112.29952414  .00003050  00000+0  19367-3 0  9996
2 68697  97.6673 187.9421 0014146 254.7084 105.2581 15.09566725  1193
JILIN GAOFEN OBJECT H   
1 68698U 26080H   26112.29931017  .00004743  00000+0  29850-3 0  9991
2 68698  97.6650 187.9421 0014104 255.6064 104.3599 15.09605996  1194
STARLINK-37358          
1 68699U 26081A   26118.25002315 -.00020203  00000+0 -98920-4 0  9991
2 68699  53.1595 172.5653 0001262 110.9900 137.2687 15.80900896  3360
STARLINK-37334          
1 68700U 26081B   26118.25002315 -.00019741  00000+0 -96584-4 0  9993
2 68700  53.1592 172.5564 0001159 106.3675 146.1652 15.80899068  3363
STARLINK-36955          
1 68701U 26081C   26118.25002315  .00017748  00000+0  93206-4 0  9995
2 68701  53.1596 172.5474 0001223 106.4434 150.3639 15.80889188  3368
STARLINK-36275          
1 68702U 26081D   26118.25002315  .00007168  00000+0  39803-4 0  9994
2 68702  53.1595 172.5390 0001071  94.6396 166.4421 15.80886419  3452
STARLINK-36271          
1 68703U 26081E   26118.25002315 -.00016536  00000+0 -80298-4 0  9990
2 68703  53.1597 172.5300 0001179  84.8078 180.5334 15.80898816  3457
STARLINK-37356          
1 68704U 26081F   26118.25002315 -.00019060  00000+0 -93127-4 0  9991
2 68704  53.1594 172.5213 0001166  98.1262 171.4916 15.80898207  3366
STARLINK-35369          
1 68705U 26081G   26118.25002315 -.00019376  00000+0 -94736-4 0  9999
2 68705  53.1592 172.5125 0001140 107.2331 166.6643 15.80897031  3253
STARLINK-37319          
1 68706U 26081H   26118.25002315 -.00027457  00000+0 -13578-3 0  9993
2 68706  53.1593 172.4857 0001081  61.6551 225.0502 15.80908589  3364
STARLINK-37112          
1 68707U 26081J   26118.25002315  .00011525  00000+0  61803-4 0  9996
2 68707  53.1597 172.5035 0001127  75.0843 203.0748 15.80891476  3366
STARLINK-37340          
1 68708U 26081K   26118.25002315 -.00028063  00000+0 -13888-3 0  9993
2 68708  53.1591 172.4947 0000960 103.0270 179.4070 15.80907401  3362
STARLINK-37303          
1 68709U 26081L   26118.25002315 -.00041283  00000+0 -20628-3 0  9993
2 68709  53.1592 172.4771 0001073 100.1443 190.8350 15.80907647  1802
STARLINK-36859          
1 68710U 26081M   26118.25002315 -.00027477  00000+0 -13593-3 0  9997
2 68710  53.1591 172.4682 0001084 113.9780 181.2769 15.80901179  1758
STARLINK-37320          
1 68711U 26081N   26118.25002315 -.00037083  00000+0 -18488-3 0  9990
2 68711  53.1589 172.4591 0000978  86.0185 213.5050 15.80904224  1807
STARLINK-37318          
1 68712U 26081P   26118.25002315 -.00003462  00000+0 -13992-4 0  9991
2 68712  53.1589 172.4507 0000873 106.5219 197.2678 15.80895277  1693
STARLINK-37305          
1 68713U 26081Q   26118.25002315 -.00029428  00000+0 -14589-3 0  9994
2 68713  53.1591 172.4418 0001200  94.1590 213.9161 15.80897922  1802
STARLINK-37225          
1 68714U 26081R   26118.25002315 -.00043056  00000+0 -21539-3 0  9991
2 68714  53.1592 172.4329 0001006 101.9326 210.4055 15.80903218  1757
STARLINK-37322          
1 68715U 26081S   26118.25002315 -.00049794  00000+0 -24980-3 0  9990
2 68715  53.1593 172.4241 0001111  98.0962 218.5145 15.80906733  1801
STARLINK-36337          
1 68716U 26081T   26118.25002315 -.00008651  00000+0 -40298-4 0  9999
2 68716  53.1591 172.4154 0001059 100.5806 220.3100 15.80891752  1750
STARLINK-36685          
1 68717U 26081U   26118.25002315  .00006119  00000+0  34515-4 0  9990
2 68717  53.1593 172.4063 0000849  84.5957 240.5893 15.80876426  1806
STARLINK-36684          
1 68718U 26081V   26118.25002315 -.00005270  00000+0 -23167-4 0  9991
2 68718  53.1589 172.3979 0001096  81.0305 248.4048 15.80880239  1807
STARLINK-36686          
1 68719U 26081W   26118.25002315 -.00034311  00000+0 -17076-3 0  9991
2 68719  53.1594 172.3801 0001091  83.2174 254.7565 15.80901354  1593
STARLINK-36681          
1 68720U 26081X   26118.25002315 -.00021588  00000+0 -10602-3 0  9993
2 68720  53.1590 172.3890 0000983  80.5129 253.1891 15.80891865  1802
STARLINK-36680          
1 68721U 26081Y   26118.25002315 -.00050189  00000+0 -25180-3 0  9990
2 68721  53.1594 172.3713 0000992  74.3924 267.8492 15.80908401  1641
STARLINK-37271          
1 68722U 26081Z   26118.25002315 -.00034805  00000+0 -17330-3 0  9996
2 68722  53.1591 172.3623 0001086  84.3959 262.1181 15.80898667  1750
STARLINK-37273          
1 68723U 26081AA  26118.25002315 -.00018295  00000+0 -89256-4 0  9999
2 68723  53.1593 172.3535 0000831  74.8674 275.9143 15.80895655  1754
STARLINK-37274          
1 68724U 26081AB  26118.25002315  .00042514  00000+0  21852-3 0  9996
2 68724  53.1593 172.3444 0000616 129.3962 225.7545 15.80808571  1751
STARLINK-37275          
1 68725U 26081AC  26118.25002315 -.00018300  00000+0 -89309-4 0  9997
2 68725  53.1594 172.3269 0000906  97.2014 266.4028 15.80888148  1768
STARLINK-37272          
1 68726U 26081AD  26118.25002315  .00043004  00000+0  22115-3 0  9996
2 68726  53.1593 172.3354 0001108 104.7742 254.5992 15.80791816  1819
STARLINK-37270          
1 68727U 26081AE  26118.25002315 -.00025820  00000+0 -12749-3 0  9997
2 68727  53.1594 172.3178 0001255 114.0327 253.8345 15.80900636  1817
STARLINK-37242          
1 68728U 26082A   26118.24045476  .00146567  00000+0  75147-3 0  9994
2 68728  97.2852 340.6246 0001275  82.5038 277.6375 15.80864687  1924
STARLINK-37264          
1 68729U 26082B   26118.25002315 -.00106000  00000+0 -71729-3 0  9993
2 68729  97.2844 340.6064 0001611 103.7178 241.5797 15.75232274  3216
STARLINK-37230          
1 68730U 26082C   26118.23895257  .00171997  00000+0  87934-3 0  9998
2 68730  97.2851 340.6273 0001420  68.1300 292.0119 15.80859503  1928
STARLINK-37202          
1 68731U 26082D   26118.25002315 -.00112939  00000+0 -76466-3 0  9997
2 68731  97.2844 340.6161 0001539  89.0671 280.2244 15.75240492  3151
STARLINK-37167          
1 68732U 26082E   26118.17414506  .00213959  00000+0  10872-2 0  9998
2 68732  97.2858 340.5619 0001093 139.3736 220.7614 15.80883296  1913
STARLINK-37278          
1 68733U 26082F   26118.23670597  .00305361  00000+0  15351-2 0  9996
2 68733  97.2858 340.6305 0001491 116.7799 243.3622 15.80882948  1921
STARLINK-37349          
1 68734U 26082G   26118.23594592  .00078503  00000+0  40645-3 0  9997
2 68734  97.2860 340.6316 0001137 112.1439 247.9950 15.80840708  1927
STARLINK-37339          
1 68735U 26082H   26118.23519509  .00172953  00000+0  88378-3 0  9992
2 68735  97.2860 340.6318 0001341 101.7940 258.3479 15.80868180  1924
STARLINK-37327          
1 68736U 26082J   26118.25002315 -.00106545  00000+0 -72090-3 0  9997
2 68736  97.2847 340.6212 0001551  93.5231 287.7678 15.75236655  3151
STARLINK-37348          
1 68737U 26082K   26118.25002315 -.00133641  00000+0 -90673-3 0  9992
2 68737  97.2852 340.6259 0001229  89.6278 301.6590 15.75252430  3101
STARLINK-37331          
1 68738U 26082L   26118.25002315  .00034596  00000+0  18063-3 0  9993
2 68738  97.2859 340.6545 0001386  91.9314   5.3515 15.80816900  3107
STARLINK-37338          
1 68739U 26082M   26118.25002315 -.00089596  00000+0 -60478-3 0  9993
2 68739  97.2854 340.6301 0001174  96.4997 304.7883 15.75241898  3156
STARLINK-37314          
1 68740U 26082N   26118.25002315 -.00084470  00000+0 -57138-3 0  9990
2 68740  97.2857 340.6407 0001504 101.6726 323.6258 15.75176450  3151
STARLINK-36314          
1 68741U 26082P   26118.25002315  .00037709  00000+0  19679-3 0  9990
2 68741  97.2856 340.6597 0001509  83.8292  26.2771 15.80811484  3105
STARLINK-37351          
1 68742U 26082Q   26118.25002315 -.00100984  00000+0 -68262-3 0  9991
2 68742  97.2852 340.6358 0001434 108.6471 306.6394 15.75242517  3159
STARLINK-37354          
1 68743U 26082R   26118.25002315 -.00000664  00000+0 -27237-5 0  9995
2 68743  97.2859 340.6631 0001274  80.8790  37.7753 15.80832785  3157
STARLINK-37344          
1 68744U 26082S   26118.25002315 -.00099919  00000+0 -67554-3 0  9991
2 68744  97.2854 340.6494 0001614  95.7433 351.5411 15.75234956  3155
STARLINK-37267          
1 68745U 26082T   26118.25002315 -.01984087  00000+0 -13018-1 0  9996
2 68745  97.2854 340.6646 0001733  80.7552  44.7942 15.78907727  3159
STARLINK-37347          
1 68746U 26082U   26118.25002315  .00077194  00000+0  40048-3 0  9991
2 68746  97.2850 340.6680 0001473  75.1665  56.3104 15.80799639  3151
STARLINK-37268          
1 68747U 26082V   26118.25002315 -.00112471  00000+0 -76184-3 0  9992
2 68747  97.2851 340.6611 0001211  86.9587  30.3399 15.75229273  3154
STARLINK-37325          
1 68748U 26082W   26118.25002315  .00052794  00000+0  27476-3 0  9992
2 68748  97.2854 340.6721 0001458  71.5628  68.4624 15.80810112  3156
STARLINK-37324          
1 68749U 26082X   26118.25002315  .00040675  00000+0  21213-3 0  9991
2 68749  97.2849 340.6758 0001632 105.4218  43.1488 15.80811991  3151
STARLINK-37350          
1 68750U 26082Y   26118.25002315 -.00089898  00000+0 -60715-3 0  9995
2 68750  97.2853 340.6608 0001281  96.3469  16.9344 15.75229910  3155
STARLINK-37277          
1 68751U 26082Z   26118.25002315  .00060344  00000+0  31367-3 0  9990
2 68751  97.2849 340.6736 0001364  92.3343  51.9622 15.80810908  3159
STARLINK-37342          
1 68752U 26082AA  26118.25002315  .00065179  00000+0  43426-3 0  9991
2 68752  97.2851 340.6571 0001204  92.7006  14.6111 15.75204486  3154
2026-083A               
1 68753U 26083A   26118.33610083  .00005338  00000+0  22389-3 0  9995
2 68753  98.2658 264.7351 0064575  41.0668 319.5401 15.22091682  1740
2026-083B               
1 68754U 26083B   26118.31965034  .00002443  00000+0  16986-3 0  9993
2 68754  98.2526 264.3646 0008967 219.4410 140.6163 15.06552311  1715
2026-083D               
1 68756U 26083D   26118.33683275  .00008889  00000+0  29344-3 0  9993
2 68756  96.9054 258.7500 0013852 228.4932 131.5123 15.31523437  1734
2026-083E               
1 68757U 26083E   26118.25265475  .00165829  00000+0  59938-2 0  9992
2 68757  98.2484 264.6217 0058486  38.3683 322.1690 15.26149308  1722
2026-083F               
1 68758U 26083F   26118.31957757  .00002859  00000+0  19638-3 0  9998
2 68758  96.9526 257.5062 0010728 214.0248 146.0294 15.06609006  1694
2026-083G               
1 68759U 26083G   26118.31927121  .00002761  00000+0  18958-3 0  9997
2 68759  96.9530 257.5098 0010903 214.0926 145.9604 15.06650581  1683
DAQI-2                  
1 68760U 26084A   26118.33337252  .00000044  00000+0  19777-4 0  9995
2 68760  98.2877 192.7084 0000820 216.0774 144.0369 14.57591828  1635
CZ-4C R/B               
1 68761U 26084B   26112.52956142  .00000230  00000+0  28111-4 0  9995
2 68761  98.2898 187.1811 0123909  27.3721 333.3951 14.88539786   801
2026-083H               
1 68762U 26083H   26118.31803777  .00002767  00000+0  18909-3 0  9993
2 68762  96.9524 257.5074 0011623 214.4978 145.5498 15.06818523  1695
2026-083J               
1 68763U 26083J   26118.31771337  .00002884  00000+0  19667-3 0  9992
2 68763  96.9529 257.5111 0011811 214.6039 145.4423 15.06862836  1695
2026-083K               
1 68764U 26083K   26118.31730733  .00002812  00000+0  19157-3 0  9993
2 68764  96.9528 257.5106 0011207 210.4954 149.5624 15.06918166  1694
NAVSTAR 86 (USA 585)    
1 68791U 26087A   26112.34150053  .00002417  00000+0  19778-2 0  9994
2 68791  54.9968 210.8716 5942075 270.2176  26.1146  4.03281331    56
FSI-SAT2                
1 68792U 26088A   26115.68414791  .00000849  00000+0  61705-4 0  9994
2 68792  97.4990 266.2992 0012809 287.5176  72.4651 15.06389719   389
KAKUSHIN RISING OBJECT B
1 68793U 26088B   26114.82029179  .00001527  00000+0  10684-3 0  9995
2 68793  97.5001 265.4583 0014328 287.2171  72.7488 15.06668645   256
KAKUSHIN RISING OBJECT C
1 68794U 26088C   26115.68335249  .00001627  00000+0  11308-3 0  9994
2 68794  97.4987 266.2982 0011167 274.3659  85.6293 15.06864662   385
ORIGAMISAT-2            
1 68795U 26088D   26113.82356135  .00001590  00000+0  10758-3 0  9993
2 68795  97.5008 264.4888 0014430 266.4157  93.5420 15.07861282   103
ARICA-2                 
1 68796U 26088E   26113.82352201  .00001593  00000+0  10752-3 0  9991
2 68796  97.4989 264.4863 0014541 264.6248  95.3321 15.07951070   103
WASEDA-SAT-ZERO-II      
1 68797U 26088F   26113.82350997  .00001596  00000+0  10767-3 0  9991
2 68797  97.5012 264.4822 0014814 262.4592  97.4954 15.07975758   102
MAGNARO-II PISCIS       
1 68798U 26088G   26113.82334568  .00001591  00000+0  10611-3 0  9991
2 68798  97.4999 264.4888 0017891 266.9056  93.0125 15.08353756   101
KAKUSHIN RISING OBJECT H
1 68799U 26088H   26113.82333913  .00001590  00000+0  10605-3 0  9997
2 68799  97.4986 264.4881 0017899 267.0829  92.8351 15.08368885   106
ELECTRON R/B            
1 68800U 26088J   26113.86170093  .00637055  22657-5  47113-3 0  9995
2 68800  97.4982 264.6236 0273619 210.4209 148.0935 15.69511433   118
ELECTRON KICK STAGE R/B 
1 68801U 26088K   26114.88540975  .00255201  23514-5  32364-3 0  9993
2 68801  97.4749 265.6383 0259042 258.0339  99.1777 15.66715126   279
2026-090A               
1 68826U 26090A   26114.73803336  .00037958  00000+0  20267-3 0  9995
2 68826  96.6459  34.2833 0011850 244.0774 115.9275 15.80198214   220
2026-090B               
1 68827U 26090B   26114.67468931  .00037787  00000+0  20159-3 0  9997
2 68827  96.6473  34.2234 0011965 243.5513 116.4530 15.80215914   210
2026-090C               
1 68828U 26090C   26114.73795262  .00038137  00000+0  20274-3 0  9993
2 68828  96.6472  34.2814 0011834 242.5779 117.4288 15.80294056   228
2026-090D               
1 68829U 26090D   26114.73793650  .00031010  00000+0  16485-3 0  9995
2 68829  96.6466  34.2825 0012600 241.1997 118.8008 15.80312640   228
HULIANWANG JISHU SHIYAN*
1 68831U 26091A   26116.48829851  .00001266  00000+0  73588-4 0  9994
2 68831  54.9996 247.5945 0008617 285.0580  74.9486 15.19545037   341
HULIANWANG JISHU SHIYAN*
1 68832U 26091B   26116.48869308  .00001297  00000+0  75585-4 0  9999
2 68832  55.0000 247.5967 0008609 276.0764  83.9275 15.19270070   347
HULIANWANG JISHU SHIYAN*
1 68833U 26091C   26116.48793912  .00003295  00000+0  16670-3 0  9996
2 68833  54.9983 247.5931 0008556 291.7053  68.3056 15.19784363   342
HULIANWANG JISHU SHIYAN*
1 68834U 26091D   26116.48748505  .00001218  00000+0  70260-4 0  9994
2 68834  54.9987 247.5872 0008845 299.9717  60.0424 15.20118262   348
PRSC-E03                
1 68835U 26092A   26118.07999911  .00002925  00000+0  20185-3 0  9998
2 68835  38.0027  25.0972 0004773 334.4350  25.6175 15.06422626   392
PROGRESS-MS 34          
1 68837U 26093A   26118.19998100  .00008365  00000+0  15976-3 0  9999
2 68837  51.6320 187.5201 0007064 359.4554   0.6426 15.49001185   155
SL-4 R/B                
1 68838U 26093B   26117.63842432  .08101162  12482-4  42104-3 0  9996
2 68838  51.6491 189.8262 0008279  80.4171 279.7792 16.42181963   288
