AO-07
1 07530U 74089B   26146.26740521 -.00000028  00000-0  11330-3 0  9991
2 07530 101.9907 159.2853 0012334 171.2249 200.6619 12.53697676357771
UO-11
1 14781U 84021B   26146.20551521  .00001171  00000-0  12491-3 0  9996
2 14781  97.8044 112.0289 0006091 254.3287 105.7260 14.90722082253854
AO-27
1 22825U 93061C   26146.18357225  .00000094  00000-0  52755-4 0  9991
2 22825  98.6888 213.6041 0008837 158.0175 202.1389 14.30935397703850
FO-29
1 24278U 96046B   26146.13039508 -.00000005  00000-0  28971-4 0  9993
2 24278  98.5263 358.0217 0350334 153.5389 208.4121 13.53273218470189
GO-32
1 25397U 98043D   26145.93781150  .00000055  00000-0  43933-4 0  9998
2 25397  99.0063 138.1364 0000330 325.4251  34.6906 14.24423382448163
ISS
1 25544U 98067A   26146.19619863  .00012013  00000-0  22272-3 0  9997
2 25544  51.6332  48.9673 0007421  99.1432 261.0396 15.49386458568347
NO-44
1 26931U 01043C   26146.15795238  .00000151  00000-0  87080-4 0  9992
2 26931  67.0509 301.2486 0006180 263.9305  96.1092 14.31946525287292
SO-50
1 27607U 02058C   26146.30685561  .00000911  00000-0  12482-3 0  9991
2 27607  64.5513 196.6803 0075600 266.4745  92.7712 14.82993443261210
CO-55
1 27844U 03031E   26146.26018413  .00000299  00000-0  14828-3 0  9992
2 27844  98.6739 155.0951 0008381 246.2081 113.8220 14.24320295188554
RS-22
1 27939U 03042A   26146.29850282  .00000649  00000-0  10828-3 0  9995
2 27939  98.3475 330.0400 0010918 345.0601 186.8905 14.73420555212329
CO-65
1 32785U 08021C   26146.23862576  .00005823  00000-0  37000-3 0  9995
2 32785  97.8259 127.2061 0010596 101.6881 258.5536 15.09203775981889
CO-66
1 32791U 08021J   26146.25969780  .00020414  00000-0  66459-3 0  9992
2 32791  97.7520 143.1251 0004111  57.2439 302.9198 15.31884669983933
RS-30
1 32953U 08025A   26146.28891102  .00000052  00000-0  30443-3 0  9991
2 32953  82.5059   9.0631 0019798   2.3052 357.8116 12.43178439816972
SRMSAT
1 37841U 11058D   26146.15930402  .00000387  00000-0  66327-4 0  9997
2 37841  19.9702 192.8027 0011671 322.7286  67.7002 14.11570317754703
ZACUBE-1
1 39417U 13066B   26146.14324933  .00004449  00000-0  34756-3 0  9997
2 39417  97.8106 108.3602 0040297 325.9643  33.8997 15.00997371677428
Delfi-N3xt
1 39428U 13066N   26146.29084185  .00006321  00000-0  55616-3 0  9996
2 39428  97.8341  66.6257 0073198 280.1402  79.1567 14.94807906671352
GOMX-1
1 39430U 13066Q   26146.25904639  .00002202  00000-0  33516-3 0  9999
2 39430  97.6503 348.1055 0129489 147.3399 213.5900 14.69357686666694
LO-74
1 39440U 13066AA  26146.29128725  .00003924  00000-0  36507-3 0  9993
2 39440  97.8897  95.1822 0059544  99.6371 261.1582 14.93562351673728
AO-73
1 39444U 13066AE  26146.17898790  .00007711  00000-0  48302-3 0  9994
2 39444  97.8263 117.1717 0034414 279.3299  80.4039 15.09168890676340
DTUSAT-2
1 40030U 14033W   26146.24201859  .00007342  00000-0  40042-3 0  9997
2 40030  98.0865 142.5820 0006552 320.5577  39.5176 15.14686097649360
LILACSAT-2
1 40908U 15049K   26146.33744390  .00019147  00000-0  33536-3 0  9997
2 40908  97.4676 182.3587 0006083 348.9782  11.1335 15.50624086592360
Horyu-4
1 41340U 16012D   26146.32235962  .00221527  00000-0  10010-2 0  9996
2 41340  30.9871 237.8743 0003055 130.7878 229.3046 15.82269215567334
Lapan A3
1 41603U 16040E   26146.25954306  .00003559  00000-0  11398-3 0  9995
2 41603  97.1485 143.1293 0012266  93.9021 266.3625 15.32945437551457
CAS-2T
1 41847U 16066G   26146.21481582  .00001409  00000-0  20668-3 0  9992
2 41847  98.3824 222.2008 0341759 196.0428 162.9725 14.44615824501620
TechnoSat
1 42829U 17042E   26146.24035922  .00003627  00000-0  26025-3 0  9991
2 42829  97.4268 304.7396 0018259 164.0859 196.0946 15.04804899483405
AO-91
1 43017U 17073E   26146.04575713  .00010654  00000-0  46536-3 0  9997
2 43017  97.4741  13.7180 0152992  45.5787 315.7847 15.12257028462047
S-Net D
1 43186U 18014G   26146.29244647  .00005650  00000-0  29370-3 0  9993
2 43186  97.5381  51.2214 0010121  93.7411 266.4979 15.16428591455449
S-Net B
1 43187U 18014H   26146.30347231  .00005317  00000-0  27683-3 0  9994
2 43187  97.5387  51.2182 0010762  89.8613 270.3853 15.16398903455449
S-Net A
1 43188U 18014J   26146.29143778  .00005703  00000-0  29636-3 0  9992
2 43188  97.5397  51.4108 0010658  90.4731 269.7723 15.16435810455441
S-Net C
1 43189U 18014K   26146.30723405  .00005272  00000-0  27446-3 0  9994
2 43189  97.5416  51.4980 0012028  84.3209 275.9395 15.16390381453992
Ten-Koh
1 43677U 18084G   26146.08579274  .00002632  00000-0  20138-3 0  9999
2 43677  98.0758 337.5184 0009440 188.6128 171.4936 15.02817698412845
PO-101
1 43678U 18084H   26146.29547273  .00002264  00000-0  18554-3 0  9997
2 43678  98.1140 341.5601 0011623 244.8647 115.1370 15.00329980412935
QO-100
1 43700U 18090A   26146.06503223  .00000145  00000-0  00000-0 0  9992
2 43700   0.0234 110.8293 0001725 344.9615 197.0586  1.00273530 27451
MinXSS-2
1 43758U 18099A   26146.15162211  .00038773  00000-0  81389-3 0  9992
2 43758  97.4546 221.8165 0006250 353.1423   6.9739 15.45249563410725
AO-95
1 43770U 18099N   26146.11735393  .00012167  00000-0  47286-3 0  9996
2 43770  97.4402 206.4523 0010104  71.9633 288.2706 15.26154290409850
SNUSat 2
1 43782U 18099AA  26146.10653375  .00008261  00000-0  37018-3 0  9999
2 43782  97.4076 199.8339 0010508  23.0876 337.0830 15.21443647409678
SnugLite
1 43784U 18099AC  26146.12443171  .00010827  00000-0  41587-3 0  9991
2 43784  97.3887 200.6285 0003207  41.3357 318.8124 15.26615155409959
ITASat 1
1 43786U 18099AE  26146.14988536  .00008046  00000-0  38966-3 0  9991
2 43786  97.4048 198.1045 0014165  73.3797 286.8992 15.18725966409561
EAGLET 1
1 43790U 18099AJ  26146.09355420  .00004161  00000-0  24062-3 0  9996
2 43790  97.4251 196.3490 0012627  66.6893 293.5665 15.12739327408997
ESEO
1 43792U 18099AL  26146.09502301  .00001472  00000-0  11010-3 0  9991
2 43792  97.3993 184.4294 0013646  55.1088 305.1419 15.04171762408487
JO-97
1 43803U 18099AX  26146.16775312  .00018944  00000-0  59863-3 0  9996
2 43803  97.4147 208.9370 0004997   6.3733 353.7572 15.32846130410259
Suomi 100
1 43804U 18099AY  26146.13925236  .00011816  00000-0  43678-3 0  9994
2 43804  97.4206 206.6220 0009661   8.6370 351.5033 15.27827335410056
ISAT
1 43879U 18111D   26146.27094276  .00091339  00000-0  10713-2 0  9998
2 43879  97.5892  79.8741 0006051  57.9768 302.2076 15.61181886407740
UWE-4
1 43880U 18111E   26146.26480319  .00036305  00000-0  77920-3 0  9992
2 43880  97.5854  73.6696 0009648  56.3205 303.8962 15.44579788407390
Sparrow
1 43881U 18111F   26146.28752408  .00131151  00000-0  11625-2 0  9990
2 43881  97.6117  85.1552 0006607  91.2064 268.9954 15.68151873407935
Prox-1
1 44339U 19036A   26145.56044429  .00013022  00000-0  12883-2 0  9996
2 44339  23.9950 265.3322 0006519 125.4682 234.6426 14.89995350370094
Taurus 1
1 44530U 19059C   26146.28641242  .00006455  00000-0  10403-2 0  9998
2 44530  98.6403 309.7621 0008593  29.9037 330.2658 14.71819462355420
TO-108
1 44881U 19093C   26146.23516013  .00001306  00000-0  15350-3 0  9994
2 44881  97.7533 219.0024 0014130 153.3644 206.8301 14.86478484348159
RS-44
1 44909U 19096E   26146.27068297  .00000029  00000-0  70877-4 0  9995
2 44909  82.5225 354.2716 0217180 195.3600 164.0841 12.79748370299544
SALSAT
1 46495U 20068K   26146.29626183  .00009040  00000-0  31918-3 0  9998
2 46495  97.8853 148.0347 0010439  29.5710 330.6117 15.29428010312018
CSS (TIANHE-1)
1 48274U 21035A   26146.21496744  .00016782  00000-0  20616-3 0  9994
2 48274  41.4680  95.6204 0010996 283.3018  76.6594 15.59835875289738
CUTE
1 49263U 21088D   26146.20688244  .00315364  00000-0  14798-2 0  9999
2 49263  97.4189 243.5218 0004056 264.4745  95.6061 15.82352519259066
TeikyoSat 4
1 49396U 21102B   26146.04592222  .00001645  00000-0  10651-3 0  9994
2 49396  97.3685 176.3901 0012448  17.6011 342.5648 15.09415347249380
Z-Sat
1 49399U 21102E   26146.31568043  .00004458  00000-0  22143-3 0  9995
2 49399  97.3341 182.3036 0015627 328.9941  31.0370 15.18071370250120
KOSEN 1
1 49402U 21102H   26146.05322285  .00007956  00000-0  30711-3 0  9993
2 49402  97.3206 188.6441 0011891 287.3444  72.6494 15.26480750250649
HO-113
1 50466U 21131B   26146.25681569  .00000377  00000-0  13016-3 0  9991
2 50466  98.4963 238.7667 0004679 149.9407 210.2051 14.41332870231955
SNUGLITE 2
1 52899U 22065F   26146.30163901  .00001015  00000-0  20159-3 0  9997
2 52899  98.2175 291.1752 0008802  93.2238 266.9972 14.64299392207794
UmKA 1 (RS40S)
1 57172U 23091G   26146.24763184  .00006940  00000-0  31987-3 0  9991
2 57172  97.5066 205.0323 0012709 188.8505 171.2508 15.20521816160671
CubeBel-2 (EU11S)
1 57175U 23091K   26146.25814212  .00014347  00000-0  51802-3 0  9992
2 57175  97.5065 209.2874 0010177 183.6271 176.4896 15.28550331160950
RS-38S
1 57189U 23091Z   26146.25348299  .00018712  00000-0  54842-3 0  9991
2 57189  97.5103 215.3107 0008658 142.7712 217.4133 15.35216010161325
SONATE-2
1 59112U 24043Q   26145.91355992  .00033887  00000-0  47117-3 0  9994
2 59112  97.5510 294.9772 0005892 276.4789  83.5795 15.56903317124424
GRBBeta
1 60237U 24128C   26146.11813258  .00004584  00000-0  31718-3 0  9997
2 60237  61.9905 293.6847 0043719 130.0551 230.4389 15.06432414102943
Curium One
1 60242U 24128H   26146.08673033  .00009305  00000-0  53775-3 0  9997
2 60242  61.9790 284.0298 0043237 126.1955 234.3151 15.12112833103111
ROBUSTA-3A
1 60243U 24128J   26146.10551037  .00009163  00000-0  54148-3 0  9997
2 60243  61.9868 286.3130 0044370 123.8366 236.6965 15.11283028103085
CatSat
1 60246U 24125J   26146.16440046  .00057640  00000-0  81977-3 0  9993
2 60246  97.2115 358.4212 0021103 260.8427  99.0440 15.55929061103964
HYPERVIEW-1G (RS66S)
1 61772U 24199AP  26146.24236990  .00119009  00000-0  97465-3 0  9996
2 61772  97.2924  24.9427 0004510  21.6382 338.5070 15.70136998131222
AO-123
1 61781U 24199AY  26146.26877487  .00008586  00000-0  25187-3 0  9999
2 61781  97.3036  15.1396 0014851  34.3252 325.8949 15.35306398130564
JINJUSat 1B
1 63210U 25052A   26146.21588984  .00018292  00000-0  58063-3 0  9997
2 63210  97.4032  42.9509 0004460 136.5052 223.6542 15.32711342 66739
NUSHSAT 1
1 63211U 25052B   26146.22839971  .00022788  00000-0  67250-3 0  9997
2 63211  97.4010  43.4567 0004238 135.7365 224.4218 15.34983339 66779
TEVEL2-4
1 63213U 25052D   26146.26733952  .00020884  00000-0  64174-3 0  9992
2 63213  97.3933  42.6332 0003275 144.3919 215.7543 15.33723992 66754
TEVEL2-5
1 63214U 25052E   26146.22021272  .00020460  00000-0  63201-3 0  9994
2 63214  97.3930  42.5401 0003202 144.8544 215.2910 15.33562078 66745
TEVEL2-6
1 63215U 25052F   26146.23201334  .00020204  00000-0  62489-3 0  9998
2 63215  97.3936  42.5367 0003296 144.2321 215.9143 15.33524422 66749
TEVEL2-1
1 63217U 25052H   26146.18836924  .00020046  00000-0  62991-3 0  9995
2 63217  97.3908  42.1428 0002817 155.3668 204.7709 15.33021025 66722
TEVEL2-3
1 63218U 25052J   26145.66159803  .00017553  00000-0  55157-3 0  9997
2 63218  97.3909  41.6356 0002786 157.3029 202.8337 15.33048519 66640
TEVEL2-2
1 63219U 25052K   26145.66661003  .00017178  00000-0  54061-3 0  9994
2 63219  97.3909  41.6232 0002753 157.2237 202.9128 15.33005027 66644
TEVEL2-9
1 63237U 25052AD  26146.26897279  .00018269  00000-0  60920-3 0  9990
2 63237  97.3969  41.6467 0005144 200.6326 159.4708 15.31123197 66679
TEVEL2-7
1 63238U 25052AE  26146.24044482  .00018002  00000-0  60549-3 0  9991
2 63238  97.3970  41.5434 0005218 201.5728 158.5294 15.30847555 66662
TEVEL2-8
1 63239U 25052AF  26146.24846027  .00018048  00000-0  60735-3 0  9994
2 63239  97.3972  41.5290 0005209 201.7276 158.3745 15.30829769 66661
HYDRA-W
1 63490U 25052BL  26113.93882235  .05662091  24406-5  29537-2 0  9997
2 63490  97.3690  18.2798 0008685 203.5899 156.4993 16.20186780 62336
HADES-ICM (SO-125)
1 63492U 25052BN  26141.26653903  .06532167  24596-5  20834-2 0  9996
2 63492  97.3646  46.2798 0012082 212.8267 147.2275 16.26141053 66568
SPIRONE
1 66657U 25274H   26146.27950544  .00002469  00000-0  23990-3 0  9992
2 66657  97.7482  75.8858 0013790  87.4940 272.7858 14.93440035 26956
K-HERO
1 66660U 25274L   26146.29025511  .00002339  00000-0  22504-3 0  9991
2 66660  97.7490  76.0412 0015678  91.2730 269.0286 14.93863411 26967
SNUGLITE-III DURI
1 66661U 25274M   26146.07774923  .00001886  00000-0  18229-3 0  9991
2 66661  97.7486  75.8515 0016233  92.9216 267.3862 14.93911071 26933
SilverSat
1 66909U 98067XV  26113.44966717  .07226154  12288-4  11979-2 0  9998
2 66909  51.6027 190.0749 0007952 333.4666  26.5949 16.32457272 22308
SAKHACUBE-CHOLBON
1 67290U 25313AU  26146.17428328  .00010971  00000-0  44928-3 0  9990
2 67290  97.3941 221.4911 0010784  78.1362 282.1084 15.24419011 22621
RS95S (QMR-KWT-2)
1 67291U 25313AV  26146.18143581  .00015413  00000-0  60758-3 0  9992
2 67291  97.3939 221.6306 0010283  77.9467 282.2923 15.25619841 22634
Ten-Koh2
1 68261U 25241B   26146.17601773  .00008591  00000-0  36746-3 0  9990
2 68261  51.6625  64.3629 0006633  77.4014 282.7705 15.23588326 11557
JACK-002
1 68417U 26067B   26146.29457692  .00007644  00000-0  36762-3 0  9998
2 68417  97.4550 105.1625 0002757  42.7416 317.4033 15.19073813  8628
DISCO 2
1 68431U 26067R   26145.84944476  .00007805  00000-0  37955-3 0  9999
2 68431  97.4586 104.7136 0004334  81.0934 279.0791 15.18676349  8557
HADES-SA (SpinnyONE)
1 68446U 26067AG  26145.81926674  .00017337  00000-0  84941-3 0  9990
2 68446  97.4387 104.4662 0008706 136.8691 223.3227 15.18181907  8534
PARUS-6U1
1 68456U 26067AS  26145.83320956  .00005669  00000-0  28810-3 0  9992
2 68456  97.4537 104.5470 0007054 129.2183 230.9678 15.17241541  8542
SAL-E
1 68458U 26067AU  26145.83151479  .00007628  00000-0  38485-3 0  9992
2 68458  97.4464 104.4967 0007141 136.5564 223.6234 15.17383527  8542
FSI-SAT 2
1 68792U 26088A   26145.37407771  .00004611  00000-0  31463-3 0  9992
2 68792  97.5032 295.2138 0014667 180.7695 179.3512 15.06608330  4857
OrigamiSat 2
1 68795U 26088D   26145.34278511  .00003364  00000-0  22150-3 0  9997
2 68795  97.5045 295.2583 0016473 153.9491 206.2570 15.08091164  4858
ARICA 2
1 68796U 26088E   26145.87102997  .00004196  00000-0  27437-3 0  9997
2 68796  97.5037 295.7727 0016703 150.3304 209.8876 15.08207797  4933
WASEDA-SAT-ZERO-II
1 68797U 26088F   26146.13468810  .00006784  00000-0  43946-3 0  9995
2 68797  97.5034 296.0339 0016652 149.4626 210.7575 15.08338475  4972
MANGARO-II-Piscus
1 68798U 26088G   26145.92893830  .00003321  00000-0  21553-3 0  9990
2 68798  97.5038 295.8524 0020003 153.5911 206.6342 15.08584137  4949
IO-86
1 40931U          25360.30710720  .00000000  00000-0  12800-3 0    00
2 40931   6.0006 332.5373 0012733 338.8432   8.1437 14.79075515    01
LILIUM-4
1 71922C 26067AC  26089.50133053 -.00014632  00000 0 -74472-3 0    04
2 71922  97.4497  49.1617 0004341   5.9603 355.7042 15.16896692    16
