OBJECT_NAME,OBJECT_ID,EPOCH,MEAN_MOTION,ECCENTRICITY,INCLINATION,RA_OF_ASC_NODE,ARG_OF_PERICENTER,MEAN_ANOMALY,EPHEMERIS_TYPE,CLASSIFICATION_TYPE,NORAD_CAT_ID,ELEMENT_SET_NO,REV_AT_EPOCH,BSTAR,MEAN_MOTION_DOT,MEAN_MOTION_DDOT
METOP-B,2012-049A,2026-05-26T22:21:12.979008,14.21426023,.00032587,98.6516,198.8533,65.6815,294.4703,0,U,38771,999,71024,.71616543E-4,.113E-5,0
SARAL,2013-009A,2026-05-26T22:50:53.473056,14.32850181,.0001925,98.5560,333.7884,24.9210,335.2066,0,U,39086,999,69256,.58785958E-4,.117E-5,0
METOP-C,2018-087A,2026-05-26T21:09:12.478752,14.21505454,.00008663,98.6654,206.8731,149.8549,210.2678,0,U,43689,999,39180,.64609927E-4,.98E-6,0
OTB-3-GAZELLE,2022-127A,2026-05-26T23:24:42.240096,14.42665593,.00118905,98.3937,139.0038,251.1695,108.8206,0,U,54023,999,19130,.609878E-4,.159E-5,0
EOS-6 (OCEANSAT-3),2022-158A,2026-05-26T22:24:50.873760,14.46985449,.0002072,98.3525,245.4115,73.8753,286.2667,0,U,54361,999,18476,.8995372E-4,.284E-5,0
KINEIS-1B,2024-114A,2026-05-26T23:12:05.523840,14.80583533,.00032815,97.9833,171.2547,138.3746,221.7716,0,U,60079,999,10426,.12021207E-3,.869E-5,0
KINEIS-1C,2024-114C,2026-05-27T00:00:38.515392,14.80586523,.0000683,97.9853,171.1319,117.5850,242.5432,0,U,60081,999,10424,.12138558E-3,.878E-5,0
KINEIS-1D,2024-114D,2026-05-26T23:08:03.526080,14.76224684,.00003005,97.9897,167.3308,144.0733,216.0496,0,U,60082,999,10399,.10346789E-3,.665E-5,0
KINEIS-1E,2024-114E,2026-05-26T22:49:39.977760,14.80585793,.00010696,97.8951,170.6991,286.8241,73.2854,0,U,60083,999,10424,-.8950049E-5,-.12E-5,0
KINEIS-1A,2024-114F,2026-05-26T23:37:32.655936,14.80585150,.00036416,97.8926,170.8421,187.6402,172.4756,0,U,60084,999,10425,.17385864E-3,.1282E-4,0
KINEIS-3C,2024-172A,2026-05-26T19:13:18.081408,14.72309609,.00014918,98.0426,236.9256,159.1319,200.9950,0,U,61220,999,8992,.33451398E-3,.2065E-4,0
KINEIS-3D,2024-172B,2026-05-26T17:25:41.604672,14.72302664,.00014756,98.0423,236.8623,153.3418,206.7866,0,U,61221,999,9019,.31224716E-3,.1924E-4,0
KINEIS-3E,2024-172C,2026-05-26T18:38:34.607616,14.72293592,.00014329,98.0417,236.8978,124.0256,236.1088,0,U,61222,999,9020,.30416715E-3,.1872E-4,0
KINEIS-3A,2024-172D,2026-05-26T18:15:09.335808,14.72319504,.00029816,98.0414,236.9812,136.1436,224.0008,0,U,61223,999,8962,.30745393E-3,.1894E-4,0
KINEIS-3B,2024-172E,2026-05-26T19:28:02.236800,14.72330011,.00031579,98.0409,237.0566,122.1934,237.9580,0,U,61224,999,9020,.33115185E-3,.2045E-4,0
KINEIS-5C,2024-219A,2026-05-26T23:47:11.352768,14.72295130,.0004011,97.9021,306.4358,12.3221,347.8084,0,U,62081,999,8063,.11757983E-3,.695E-5,0
KINEIS-5D,2024-219B,2026-05-26T22:55:30.557856,14.72401229,.00045672,97.9132,306.3889,358.7552,1.3643,0,U,62082,999,8063,.15829911E-3,.954E-5,0
KINEIS-5E,2024-219C,2026-05-26T23:20:16.161792,14.72507742,.00057955,97.8977,306.5269,347.4049,12.7013,0,U,62083,999,8064,.10954801E-3,.647E-5,0
KINEIS-5A,2024-219D,2026-05-26T19:21:13.430880,14.72029021,.00054807,97.9014,306.6910,29.1511,331.0001,0,U,62084,999,8062,.14654496E-3,.872E-5,0
KINEIS-5B,2024-219E,2026-05-26T22:18:34.321824,14.78277563,.00018092,98.0047,310.8910,26.9785,333.1520,0,U,62085,999,8086,.16454463E-3,.1143E-4,0
KINEIS-2C,2025-028B,2026-05-26T17:22:20.766144,14.73295783,.00015495,98.0972,201.1310,356.0240,4.0955,0,U,62929,999,6945,.17474771E-3,.1079E-4,0
KINEIS-2D,2025-028C,2026-05-26T16:37:34.655808,14.75604073,.00016277,97.9297,199.5529,272.0307,88.0716,0,U,62930,999,6954,.24459801E-3,.1619E-4,0
KINEIS-2E,2025-028D,2026-05-26T16:21:24.474528,14.76940831,.00011966,97.8966,198.7727,114.8851,245.2484,0,U,62931,999,6960,.21202162E-3,.1442E-4,0
KINEIS-2A,2025-028E,2026-05-26T16:51:17.709984,14.73316650,.00036058,98.1310,202.0413,220.0137,140.0805,0,U,62932,999,6944,.20648481E-3,.1285E-4,0
KINEIS-2B,2025-028G,2026-05-26T16:18:37.749312,14.73318530,.00029876,97.9679,199.9316,195.4285,164.6833,0,U,62934,999,6949,.20676648E-3,.1288E-4,0
KINEIS-4E,2025-056A,2026-05-26T21:48:47.132640,14.72412309,.00012889,97.9014,271.3957,170.1021,190.0213,0,U,63300,999,6399,.25314651E-3,.1556E-4,0
KINEIS-4C,2025-056B,2026-05-26T22:06:04.309344,14.72398649,.00043808,97.9067,271.6251,50.4104,309.7490,0,U,63301,999,6400,.27121857E-3,.167E-4,0
KINEIS-4D,2025-056C,2026-05-26T22:14:16.047168,14.72332343,.00035606,97.8988,271.6457,65.6111,294.5468,0,U,63302,999,6400,.2713993E-3,.1668E-4,0
KINEIS-4A,2025-056D,2026-05-26T23:03:00.747648,14.72288142,.00018974,97.9082,271.5766,43.5512,316.5846,0,U,63303,999,6400,.2651998E-3,.1627E-4,0
KINEIS-4B,2025-056E,2026-05-26T22:38:09.839616,14.72278744,.00056381,97.9094,271.6101,21.2881,338.8560,0,U,63304,999,6399,.20063618E-3,.1219E-4,0
