OBJECT_NAME,OBJECT_ID,EPOCH,MEAN_MOTION,ECCENTRICITY,INCLINATION,RA_OF_ASC_NODE,ARG_OF_PERICENTER,MEAN_ANOMALY,EPHEMERIS_TYPE,CLASSIFICATION_TYPE,NORAD_CAT_ID,ELEMENT_SET_NO,REV_AT_EPOCH,BSTAR,MEAN_MOTION_DOT,MEAN_MOTION_DDOT
GPS BIIR-08,2003-005A,2026-05-26T16:08:18.656160,2.00561770,.01479447,54.8855,215.8237,53.0232,312.1729,0,U,27663,999,17088,0,.1E-6,0
GPS BIIR-11,2004-009A,2026-05-26T22:46:48.130752,2.00555453,.01151875,54.8480,276.5450,172.1529,186.4815,0,U,28190,999,16251,0,-.83E-6,0
GPS BIIR-13,2004-045A,2026-05-26T08:37:46.103232,2.00554971,.0169818,55.1491,325.7748,315.8543,42.0577,0,U,28474,999,15798,0,-.89E-6,0
GPS BIIR-14M,2005-038A,2026-05-26T09:11:20.488128,2.00567214,.01277433,54.8965,274.0571,296.0169,41.4990,0,U,28874,999,15139,0,-.82E-6,0
METEOSAT-9 (MSG-2),2005-049B,2026-05-26T21:01:34.412736,1.00275490,.00015687,9.3158,54.3780,328.0037,223.1312,0,U,28912,999,678,0,.125E-5,0
GPS BIIR-16M,2006-052A,2026-05-24T11:39:43.033536,2.00556903,.00856093,54.9373,214.9459,90.6159,270.4238,0,U,29601,999,14293,0,-.12E-6,0
GPS BIIR-17M,2007-047A,2026-05-26T18:50:31.706880,2.00556339,.01659067,54.0801,80.9474,86.9698,274.8979,0,U,32260,999,13638,0,-.5E-6,0
GPS BIIR-18M,2007-062A,2026-05-26T20:23:31.571808,2.00558846,.00353251,55.0494,275.0101,164.2474,9.4538,0,U,32384,999,13508,0,-.82E-6,0
GOES 14,2009-033A,2026-05-26T21:32:31.228224,1.00117130,.00019802,1.6375,83.2866,348.0279,290.1588,0,U,35491,999,637,0,-.193E-5,0
GOES 15,2010-008A,2026-05-26T14:16:01.197984,1.00275127,.00051239,1.2211,83.2251,32.2461,46.1346,0,U,36411,999,5942,0,.23E-6,0
GSAT0101 (GALILEO-PFM),2011-060A,2026-05-22T00:55:44.329728,1.70475642,.0003643,57.0040,342.4699,41.9521,318.0951,0,U,37846,999,9067,0,-.87E-6,0
GSAT0102 (GALILEO-FM2),2011-060B,2026-05-24T21:27:21.877344,1.70475962,.00039026,57.0043,342.3932,11.2637,346.7410,0,U,37847,999,9072,0,-.9E-6,0
LUCH 5A,2011-074B,2026-05-26T14:45:31.644576,1.00268816,.0002448,8.7017,74.1217,354.5964,203.9510,0,U,37951,999,5283,0,-.47E-6,0
METEOSAT-10 (MSG-3),2012-035B,2026-05-26T22:31:20.161056,1.00273863,.0001968,4.6235,61.1190,329.2986,191.9921,0,U,38552,999,5064,0,-.3E-7,0
SARSAT 13 (METOP-B),2012-049A,2026-05-26T22:21:12.979008,14.21426023,.00032587,98.6516,198.8533,65.6815,294.4703,0,U,38771,999,71024,.71616543E-4,.113E-5,0
GPS BIIF-3,2012-053A,2026-05-26T09:06:13.297248,2.00567145,.01791695,53.5818,144.4925,65.4577,296.4176,0,U,38833,999,9900,0,.87E-6,0
GSAT0103 (GALILEO-FM3),2012-055A,2026-05-23T06:03:23.148000,1.70473380,.00054823,55.7947,102.2291,300.3208,59.5856,0,U,38857,999,8458,0,.21E-6,0
GPS BIIF-4,2013-023A,2026-05-26T17:51:41.601600,2.00563656,.01417204,54.5214,269.8468,50.9238,310.3116,0,U,39166,999,9545,0,-.79E-6,0
INSAT-3D,2013-038B,2026-05-26T23:08:08.584800,1.00273308,.00008955,1.8733,82.7963,324.6623,313.6247,0,U,39216,999,4686,0,-.334E-5,0
GPS BIIF-5,2014-008A,2026-05-26T05:55:45.690240,2.00558424,.00841753,53.6508,150.2145,230.8905,128.3851,0,U,39533,999,8924,0,.91E-6,0
LUCH 5V,2014-023A,2026-05-26T20:42:21.517056,1.00271810,.00023371,5.0830,69.9632,15.3254,204.4987,0,U,39727,999,4414,0,-.265E-5,0
GPS BIIF-6,2014-026A,2026-05-26T12:32:21.026112,2.00562665,.00384058,56.5087,332.3606,326.8892,32.8825,0,U,39741,999,8810,0,-.88E-6,0
GPS BIIF-7,2014-045A,2026-05-26T02:46:01.316928,2.00556968,.00324701,55.3395,89.3439,118.5092,241.7881,0,U,40105,999,8563,0,-.23E-6,0
GSAT0201 (GALILEO 5),2014-050A,2026-05-25T18:42:30.308544,1.85520002,.16712172,48.9004,274.3545,178.5208,182.0639,0,U,40128,999,7790,0,-.101E-5,0
GSAT0202 (GALILEO 6),2014-050B,2026-05-24T22:58:19.353216,1.85520586,.16722092,48.9181,273.4734,179.2149,181.1057,0,U,40129,999,8005,0,-.96E-6,0
GPS BIIF-8,2014-068A,2026-05-26T11:39:11.408544,2.00574972,.00664453,56.9732,31.7907,69.8059,290.9427,0,U,40294,999,8477,0,-.107E-5,0
GLONASS-K 2,2014-075A,2026-05-24T08:50:39.037632,2.13101372,.0022388,63.6148,191.1969,211.5449,148.3894,0,U,40315,999,8934,0,.41E-6,0
GPS BIIF-9,2015-013A,2026-05-26T02:58:24.636864,2.00552719,.01091452,53.1697,205.0901,40.0480,320.8238,0,U,40534,999,8138,0,.25E-6,0
GSAT0203 (GALILEO 7),2015-017A,2026-05-24T03:54:38.212128,1.70476041,.00022589,56.7947,342.2501,291.5829,68.4129,0,U,40544,999,6879,0,-.9E-6,0
GSAT0204 (GALILEO 8),2015-017B,2026-05-26T04:16:56.666496,1.70475781,.00017649,56.8004,342.2136,262.8648,97.1363,0,U,40545,999,3187,0,-.91E-6,0
GPS BIIF-10,2015-033A,2026-05-25T18:49:18.610752,2.00557451,.01150112,54.0004,268.0099,30.1200,330.5220,0,U,40730,999,7954,0,-.79E-6,0
METEOSAT-11 (MSG-4),2015-034A,2026-05-26T22:33:49.921632,1.00273653,.00016541,3.1489,71.2225,0.5749,160.4325,0,U,40732,999,700,0,.66E-6,0
GSAT0205 (GALILEO 9),2015-045A,2026-05-24T07:17:44.873376,1.67409242,.00064058,54.9357,222.4171,263.0112,96.9692,0,U,40889,999,6656,0,-.14E-6,0
GSAT0206 (GALILEO 10),2015-045B,2026-05-24T09:46:33.752640,1.70474019,.00017279,54.9514,222.2612,22.9304,337.1304,0,U,40890,999,6663,0,-.13E-6,0
GPS BIIF-11,2015-062A,2026-05-26T08:09:17.456832,2.00567099,.01114449,56.9451,31.6527,231.2632,127.7704,0,U,41019,999,7739,0,-.107E-5,0
ELEKTRO-L 2,2015-074A,2026-05-26T01:55:02.394912,1.00271926,.00014434,6.6410,70.7915,269.2048,277.9183,0,U,41105,999,3828,0,-.116E-5,0
GSAT0209 (GALILEO 12),2015-079A,2026-05-26T08:02:29.087232,1.70473953,.00055506,55.8151,101.8607,336.9606,22.9689,0,U,41174,999,6440,0,.5E-7,0
GSAT0208 (GALILEO 11),2015-079B,2026-05-25T09:10:20.949024,1.70473719,.00049785,55.8130,101.8837,338.1073,21.8293,0,U,41175,999,6480,0,.11E-6,0
GPS BIIF-12,2016-007A,2026-05-26T10:18:10.833120,2.00552784,.00960977,55.5114,90.3218,247.3190,111.6330,0,U,41328,999,7540,0,-.23E-6,0
GSAT0211 (GALILEO 14),2016-030A,2026-05-23T03:50:15.655488,1.70474082,.00026761,55.1018,222.3833,335.5312,24.5109,0,U,41549,999,6224,0,-.14E-6,0
GSAT0210 (GALILEO 13),2016-030B,2026-05-26T22:28:49.518336,1.70474086,.00030289,55.0999,222.2775,226.2727,133.7635,0,U,41550,999,6230,0,.3E-7,0
INSAT-3DR,2016-054A,2026-05-26T22:52:25.091616,1.00272643,.00106289,0.1208,87.3507,190.6160,23.6688,0,U,41752,999,3560,0,-.73E-6,0
GSAT0207 (GALILEO 15),2016-069A,2026-05-24T20:50:42.830592,1.70473749,.00057051,55.4851,101.7309,323.8693,36.0515,0,U,41859,999,5900,0,.13E-6,0
GSAT0212 (GALILEO 16),2016-069B,2026-05-25T21:29:02.802912,1.70473945,.00047282,55.4835,101.6975,350.0840,9.8628,0,U,41860,999,5927,0,.7E-7,0
GSAT0213 (GALILEO 17),2016-069C,2026-05-26T06:17:55.723200,1.70474352,.0005448,55.4859,101.6954,309.0096,50.8967,0,U,41861,999,5914,0,.4E-7,0
GSAT0214 (GALILEO 18),2016-069D,2026-05-25T05:39:03.431232,1.70474028,.00045835,55.4839,101.7164,315.0152,44.9060,0,U,41862,999,5925,0,.11E-6,0
GOES 16,2016-071A,2026-05-26T22:01:20.964000,1.00272972,.00007918,0.2885,85.7172,283.5573,100.8859,0,U,41866,999,3489,0,-.87E-6,0
GSAT-17,2017-040B,2026-05-26T22:57:54.565920,1.00271420,.00023061,0.0745,91.4156,223.3605,7.7093,0,U,42815,999,3257,0,-.253E-5,0
GSAT0215 (GALILEO 19),2017-079A,2026-05-25T03:20:00.137472,1.70474628,.00033237,55.0795,222.1411,263.2184,96.7978,0,U,43055,999,5259,0,-.9E-7,0
GSAT0216 (GALILEO 20),2017-079B,2026-05-26T14:28:38.622720,1.70474951,.00030393,55.0798,222.1009,278.5096,81.5157,0,U,43056,999,5263,0,.1E-7,0
GSAT0217 (GALILEO 21),2017-079C,2026-05-25T15:37:12.922464,1.70474713,.0004284,55.0798,222.1248,286.0013,74.0070,0,U,43057,999,5260,0,-.6E-7,0
GSAT0218 (GALILEO 22),2017-079D,2026-05-25T20:54:06.992928,1.70474864,.00041426,55.0777,222.1164,273.6717,86.3372,0,U,43058,999,5263,0,-.5E-7,0
GOES 17,2018-022A,2026-05-26T22:05:43.044576,1.00271693,.00006683,0.8860,86.0134,345.9080,54.5049,0,U,43226,999,3021,0,-.178E-5,0
GSAT0221 (GALILEO 25),2018-060A,2026-05-26T08:40:25.159584,1.70475986,.00030122,57.1759,342.3693,315.1043,44.8931,0,U,43564,999,4879,0,-.9E-6,0
GSAT0222 (GALILEO 26),2018-060B,2026-05-21T21:19:12.238176,1.70475538,.00018501,57.1815,342.4938,271.2445,88.7537,0,U,43565,999,4876,0,-.86E-6,0
GSAT0219 (GALILEO 23),2018-060C,2026-05-26T05:10:07.251744,1.70475959,.00025488,57.1791,342.3783,333.1489,26.8596,0,U,43566,999,4881,0,-.9E-6,0
GSAT0220 (GALILEO 24),2018-060D,2026-05-26T10:28:20.215776,1.70475917,.00025889,57.1787,342.3718,326.0175,33.9877,0,U,43567,999,4880,0,-.9E-6,0
BEIDOU-3 M13,2018-072A,2026-05-24T21:50:04.102080,1.86231070,.00080897,56.6058,63.4274,325.3050,34.6357,0,U,43622,999,5222,0,-.75E-6,0
BEIDOU-3 M14,2018-072B,2026-05-23T16:49:52.214592,1.86231113,.00066357,56.6062,63.4615,351.6782,8.3067,0,U,43623,999,5219,0,-.62E-6,0
GPS BIII-1,2018-109A,2026-05-26T07:37:34.169376,2.00560756,.00380535,55.6698,93.0488,198.4755,334.6377,0,U,43873,999,5463,0,-.15E-6,0
METEOR-M2 2,2019-038A,2026-05-26T23:02:27.599424,14.24358372,.00023822,98.9139,133.9334,81.3493,278.7955,0,U,44387,999,35827,-.41702158E-4,-.142E-5,0
GPS BIII-2,2019-056A,2026-05-26T22:45:32.173920,2.00569716,.00609041,55.6466,331.9858,197.3204,334.1445,0,U,44506,999,4964,0,-.91E-6,0
BEIDOU-3 M24,2019-061A,2026-05-26T05:27:23.961024,1.86229050,.00082013,54.3949,183.4685,0.7960,359.2792,0,U,44542,999,4538,0,.77E-6,0
BEIDOU-3 M23,2019-061B,2026-05-26T15:11:29.156640,1.86227242,.0005481,54.3935,183.4228,340.6353,203.1144,0,U,44543,999,4539,0,.81E-6,0
BEIDOU-3 M22,2019-078A,2026-05-24T23:49:47.416224,1.86227031,.00069251,53.9582,300.6429,49.8976,310.1398,0,U,44793,999,4421,0,-.88E-6,0
BEIDOU-3 M21,2019-078B,2026-05-24T01:24:55.154016,1.86227499,.0004812,53.9315,300.6372,48.4717,311.5477,0,U,44794,999,4420,0,-.81E-6,0
ELEKTRO-L 3,2019-095A,2026-05-26T22:52:55.043904,1.00271340,.00011962,0.2042,80.6677,329.8013,253.2078,0,U,44903,999,2349,0,-.91E-6,0
GPS BIII-3,2020-041A,2026-05-22T14:58:23.319264,2.00559157,.00629468,56.6539,29.9347,204.8482,23.5433,0,U,45854,999,4352,0,-.97E-6,0
COSMOS 2547,2020-075A,2026-05-23T01:46:08.184576,2.13100163,.00089999,64.5977,193.3141,239.0049,120.9752,0,U,46805,999,4337,0,.26E-6,0
GPS BIII-4,2020-078A,2026-05-26T13:36:54.371808,2.00564976,.00725421,53.9823,211.6554,206.6772,324.6145,0,U,46826,999,4107,0,.17E-6,0
GSAT0223 (GALILEO 27),2021-116A,2026-05-25T16:43:16.958784,1.70476023,.00008508,57.1670,342.2812,184.3830,172.5279,0,U,49809,999,2779,0,-.9E-6,0
GSAT0224 (GALILEO 28),2021-116B,2026-05-26T09:29:33.637344,1.70476143,.00006782,57.1693,342.2611,128.6069,49.7971,0,U,49810,999,2783,0,-.9E-6,0
GOES 18,2022-021A,2026-05-26T21:52:06.848832,1.00271978,.00005134,0.0273,124.4090,340.9896,330.0986,0,U,51850,999,637,0,.101E-5,0
COSMOS 2557 (706K),2022-075A,2026-05-22T07:11:30.302592,2.13101899,.0010092,64.3148,315.3974,278.3503,81.5318,0,U,52984,999,3016,0,-.4E-6,0
METEOSAT-12 (MTG-I1),2022-170C,2026-05-26T22:31:12.672768,1.00247564,.00022954,0.7172,19.4858,57.5054,145.0089,0,U,54743,999,1276,0,-.8E-7,0
METEOR-M2 3,2023-091A,2026-05-26T22:47:17.321856,14.24044590,.00031391,98.6105,202.3608,218.2364,141.8593,0,U,57166,999,15149,.16180751E-4,-.6E-7,0
COSMOS 2569 (703K),2023-114A,2026-05-25T06:14:03.077376,2.13103743,.00115968,65.2900,73.3932,296.5293,63.3429,0,U,57517,999,2177,0,-.43E-6,0
METEOR-M2 4,2024-039A,2026-05-26T22:33:46.461312,14.22427067,.00061451,98.7000,106.5068,225.4153,134.6524,0,U,59051,999,11624,.22142215E-4,.5E-7,0
GSAT0225 (GALILEO 29),2024-079A,2026-05-22T07:12:38.722752,1.70474068,.0002201,55.1041,101.8024,291.9380,246.4363,0,U,59598,999,1287,0,.2E-6,0
GSAT0227 (GALILEO 30),2024-079C,2026-05-25T03:01:32.532672,1.70474148,.00017016,55.1013,101.7225,32.8778,327.0916,0,U,59600,999,1297,0,.11E-6,0
GSAT0232 (GALILEO 32),2024-167A,2026-05-25T09:13:43.319424,1.70474507,.0005647,55.1905,221.9390,222.8270,151.3087,0,U,61182,999,1049,0,-.7E-7,0
GSAT0226 (GALILEO 31),2024-167B,2026-05-26T09:18:17.197056,1.70474498,.00024628,55.1890,221.9189,219.6891,141.4559,0,U,61183,999,1048,0,0,0
GSAT0233 (GALILEO 33),2025-302A,2026-05-21T19:50:23.436960,1.70474125,.0001476,54.3194,102.8809,247.4028,291.0151,0,U,67160,999,267,0,.2E-6,0
GSAT0234 (GALILEO 34),2025-302C,2026-05-25T15:00:19.098720,1.70474307,.00035177,54.3238,102.7722,303.1313,226.6631,0,U,67162,999,279,0,.9E-7,0
