OBJECT_NAME,OBJECT_ID,EPOCH,MEAN_MOTION,ECCENTRICITY,INCLINATION,RA_OF_ASC_NODE,ARG_OF_PERICENTER,MEAN_ANOMALY,EPHEMERIS_TYPE,CLASSIFICATION_TYPE,NORAD_CAT_ID,ELEMENT_SET_NO,REV_AT_EPOCH,BSTAR,MEAN_MOTION_DOT,MEAN_MOTION_DDOT
SCD 1,1993-009B,2026-05-26T20:29:20.084352,14.46109745,.00417272,24.9712,339.2967,272.2707,218.0511,0,U,22490,999,75802,.62752851E-4,.416E-5,0
TECHSAT 1B (GO-32),1998-043D,2026-05-26T22:06:33.123744,14.24423663,.00002885,99.0063,139.1445,317.0557,43.0598,0,U,25397,999,44830,.51470943E-4,.72E-6,0
SCD 2,1998-060A,2026-05-26T12:04:02.004672,14.45516065,.00164726,24.9940,205.8880,253.9072,247.5878,0,U,25504,999,45718,.50444348E-4,.363E-5,0
DLR-TUBSAT,1999-029B,2026-05-26T22:29:52.702656,14.52420261,.00152,98.6691,141.7431,57.4806,302.7855,0,U,25757,999,43016,.38334506E-4,.108E-5,0
TERRA,1999-068A,2026-05-26T20:46:13.783584,14.61083186,.00010676,97.9469,197.2557,327.8921,141.0832,0,U,25994,999,40649,.88950224E-4,.393E-5,0
MAROC-TUBSAT,2001-056D,2026-05-26T23:37:40.100160,13.70261499,.00196276,99.8074,323.4452,195.0653,281.5546,0,U,27004,999,22328,.38049013E-4,-.13E-6,0
AQUA,2002-022A,2026-05-26T21:38:00.559104,14.62119593,.0001862,98.4266,115.7613,63.4550,321.4916,0,U,27424,999,28016,.16930199E-3,.802E-5,0
SHIYAN-1 (SY-1),2004-012A,2026-05-26T18:43:55.404768,15.33114421,.00070507,97.8696,223.4683,99.0099,261.1940,0,U,28220,999,20781,.43626718E-3,.13891E-3,0
AURA,2004-026A,2026-05-26T19:52:36.348672,14.61290788,.00015196,98.3406,103.1070,71.1644,288.9722,0,U,28376,999,16309,.17319625E-3,.807E-5,0
IRS-P5 (CARTOSAT-1),2005-017A,2026-05-26T22:31:43.084704,14.90984480,.00025367,97.5317,170.9670,106.9641,253.1856,0,U,28649,999,14065,.15841335E-3,.1513E-4,0
SINAH 1,2005-043D,2026-05-26T22:29:37.579200,14.64140707,.00140263,98.2831,281.1378,348.0690,12.0178,0,U,28893,999,9741,.7267353E-4,.333E-5,0
RESURS-DK 1,2006-021A,2026-05-26T21:09:32.013792,15.13108616,.00053522,69.9341,34.7017,316.4764,43.5979,0,U,29228,999,9935,.1313841E-3,.2224E-4,0
ARIRANG-2 (KOMPSAT-2),2006-031A,2026-05-26T23:53:10.846752,14.64645417,.00152871,97.8312,332.4681,136.3308,15.4786,0,U,29268,999,5837,.14092628E-3,.705E-5,0
LAPAN-TUBSAT,2007-001A,2026-05-26T23:24:31.892832,14.85926283,.00106752,98.1345,145.7225,254.0664,105.9374,0,U,29709,999,4800,.64807766E-4,.508E-5,0
HAIYANG-1B,2007-010A,2026-05-26T23:00:53.672256,14.31020993,.00122218,98.3486,129.6287,264.2546,95.7244,0,U,31113,999,99759,.54637156E-4,.102E-5,0
COSMO-SKYMED 1,2007-023A,2026-05-26T22:43:33.799872,14.96984748,.00018195,97.8862,338.6258,94.1988,265.9442,0,U,31598,999,2661,.30640947E-3,.3465E-4,0
TERRASAR-X,2007-026A,2026-05-25T08:03:01.275552,15.19148941,.0001923,97.4456,153.3686,87.6040,272.5415,0,U,31698,999,4975,.23860628E-4,.434E-5,0
WORLDVIEW-1 (WV-1),2007-041A,2026-05-26T19:46:31.721664,15.24648949,.00040159,97.3925,266.8806,117.6757,242.4889,0,U,32060,999,3962,.287508E-3,.703E-4,0
YAOGAN-3,2007-055A,2026-05-26T23:36:44.468928,14.90688190,.00019849,97.8174,177.0721,95.5609,264.5836,0,U,32289,999,271,.28101988E-3,.2701E-4,0
COSMO-SKYMED 2,2007-059A,2026-05-26T23:06:20.165760,14.82150778,.00014702,97.8885,330.8690,88.2849,271.8532,0,U,32376,999,99885,.61705703E-4,.439E-5,0
RADARSAT-2,2007-061A,2026-05-26T23:26:16.848096,14.29982925,.00012837,98.5785,154.2124,85.4426,274.6903,0,U,32382,999,96292,-.469545E-5,-.56E-6,0
CARTOSAT-2A,2008-021A,2026-05-26T22:35:41.061408,14.79199704,.00117805,97.7650,196.3742,173.5423,186.5943,0,U,32783,999,97566,.8010531E-5,.9E-7,0
HUANJING 1A (HJ-1A),2008-041A,2026-05-26T22:13:47.859168,14.83931446,.00181274,97.6675,133.5890,204.1506,155.8860,0,U,33320,999,95525,.18701236E-3,.1507E-4,0
HUANJING 1B (HJ-1B),2008-041B,2026-05-26T22:52:40.969344,14.83275074,.00347126,97.6514,136.8505,252.7728,106.9686,0,U,33321,999,95526,.98593067E-4,.762E-5,0
GEOEYE 1,2008-042A,2026-05-26T21:45:15.139008,14.64701833,.00053948,98.1238,221.1070,120.6353,239.5382,0,U,33331,999,94703,.10293431E-3,.5E-5,0
THEOS,2008-049A,2026-05-26T23:21:07.828128,14.20128824,.00013234,98.5585,204.9440,85.6422,274.4906,0,U,33396,999,91495,-.91971646E-4,-.238E-5,0
COSMO-SKYMED 3,2008-054A,2026-05-26T21:27:19.028736,15.06791564,.00153114,97.8307,5.1118,343.7581,16.3153,0,U,33412,999,95373,.37684293E-3,.556E-4,0
YAOGAN-4,2008-061A,2026-05-26T18:44:39.954336,14.83152205,.00152185,97.9305,80.4507,136.0625,224.1802,0,U,33446,999,94249,.11991871E-3,.926E-5,0
GOSAT (IBUKI),2009-002A,2026-05-26T19:08:10.347936,14.67540265,.00016394,98.0866,258.1488,97.7906,262.3485,0,U,33492,999,92832,.62496279E-4,.306E-5,0
DEIMOS-1,2009-041A,2026-05-26T22:57:08.832672,14.75212403,.00002403,97.7380,305.1077,115.0900,245.0334,0,U,35681,999,90375,.12193615E-3,.777E-5,0
DUBAISAT-1,2009-041B,2026-05-26T22:12:20.460384,14.75082875,.00113891,98.0022,280.4200,134.4670,225.7473,0,U,35682,999,90196,.1535139E-3,.985E-5,0
OCEANSAT-2,2009-051A,2026-05-26T23:14:16.999584,13.99656497,.00145563,98.2310,135.9380,301.0140,58.9596,0,U,35931,999,87636,.28139164E-3,.374E-5,0
WORLDVIEW-2 (WV-2),2009-055A,2026-05-26T20:53:35.032704,14.37937549,.00031259,98.4681,220.6145,287.6779,72.4067,0,U,35946,999,87258,.50995871E-4,.11E-5,0
SMOS,2009-059A,2026-05-26T15:29:57.052608,14.39759276,.00013125,98.4428,334.2965,91.7464,268.3875,0,U,36036,999,87035,.8820865E-4,.233E-5,0
YAOGAN-7,2009-069A,2026-05-26T16:41:37.018176,14.77984102,.00259247,98.0099,32.6927,107.5281,252.8765,0,U,36110,999,88645,.72460046E-4,.472E-5,0
TANDEM-X,2010-030A,2026-05-25T08:03:01.214208,15.19148813,.00015944,97.4455,153.3668,90.0120,270.1297,0,U,36605,999,88317,.20464519E-4,.363E-5,0
CARTOSAT-2B,2010-035A,2026-05-26T22:56:22.109280,14.78627669,.00100535,97.9968,197.6393,258.3440,101.6643,0,U,36795,999,85671,.45167285E-4,.278E-5,0
YAOGAN-10,2010-038A,2026-05-26T23:53:46.808160,14.85271767,.00015893,97.8993,170.5693,92.1591,328.2072,0,U,36834,999,85406,.13049255E-3,.1066E-4,0
COSMO-SKYMED 4,2010-060A,2026-05-26T23:24:33.469632,14.82147714,.00013671,97.8890,330.8834,82.0849,278.0519,0,U,37216,999,84142,.16879007E-4,.82E-6,0
RESOURCESAT-2,2011-015A,2026-05-26T21:41:31.013952,14.21607261,.00104366,98.7649,214.4915,323.3653,36.6809,0,U,37387,999,78315,.61815451E-4,.91E-6,0
HAIYANG-2A,2011-043A,2026-05-27T00:03:56.983968,13.74843742,.00067585,99.3398,150.1411,131.0825,229.0909,0,U,37781,999,74374,-.30221046E-3,-.331E-5,0
RASAT,2011-044D,2026-05-26T22:03:32.191776,14.68142693,.00191906,98.0561,238.6413,259.5289,191.4089,0,U,37791,999,79006,.11905372E-3,.637E-5,0
SRMSAT,2011-058D,2026-05-26T03:49:23.867328,14.11570317,.00116708,19.9702,192.8027,322.7286,67.7002,0,U,37841,999,75470,.66326809E-4,.387E-5,0
PLEIADES 1A,2011-076F,2026-05-26T22:23:16.603584,14.58553975,.00013141,98.1977,222.3202,105.1189,342.7199,0,U,38012,999,76889,.28839209E-4,.88E-6,0
ZIYUAN 1-02C (ZY 1-02C),2011-079A,2026-05-27T00:10:31.080288,14.38194169,.00068089,98.4079,214.7575,22.2878,100.8263,0,U,38038,999,75616,.94521348E-4,.244E-5,0
ARIRANG-3 (KOMPSAT-3),2012-025B,2026-05-26T22:56:33.031104,14.62184291,.00054538,98.1160,104.7844,166.6984,193.4363,0,U,38338,999,74824,.9837138E-4,.449E-5,0
EXACTVIEW-1 (ADS-1B),2012-039C,2026-05-26T19:47:57.199776,14.24977314,.00100871,98.9751,263.7355,229.2359,130.7945,0,U,38709,999,71966,.70343846E-4,.118E-5,0
SPOT 6,2012-047A,2026-05-26T22:21:07.859808,14.58546869,.00012994,98.2126,214.4876,97.6279,262.5068,0,U,38755,999,72995,.43351991E-4,.156E-5,0
PLEIADES 1B,2012-068A,2026-05-26T22:48:18.574272,14.58544049,.00013908,98.1947,222.2937,102.6929,257.4426,0,U,39019,999,71775,.5489729E-4,.209E-5,0
GOKTURK 2,2012-073A,2026-05-26T23:46:43.892256,14.75520036,.00021439,97.6838,345.4845,73.6309,286.5137,0,U,39030,999,72138,.16430077E-3,.1071E-4,0
LANDSAT 8,2013-008A,2026-05-26T20:59:11.116608,14.57120072,.00013727,98.1837,217.2715,102.9412,257.1940,0,U,39084,999,69479,.78614647E-4,.309E-5,0
SARAL,2013-009A,2026-05-26T22:50:53.473056,14.32850181,.0001925,98.5560,333.7884,24.9210,335.2066,0,U,39086,999,69256,.58785958E-4,.117E-5,0
GAOFEN-1,2013-018A,2026-05-26T23:41:39.370272,14.76548517,.00164743,97.9099,219.4851,339.2257,20.8282,0,U,39150,999,70511,.67580507E-4,.421E-5,0
VNREDSAT 1,2013-021B,2026-05-26T23:34:01.465824,14.64829177,.00015374,97.9094,201.2113,96.2952,263.8427,0,U,39160,999,69718,.61033448E-4,.28E-5,0
ARIRANG-5 (KOMPSAT-5),2013-042A,2026-05-26T22:47:55.986720,15.04515759,.00031307,97.6192,333.9492,185.4483,174.6710,0,U,39227,999,70066,.21366707E-3,.2932E-4,0
SKYSAT-A,2013-066C,2026-05-26T23:02:59.477568,15.12835211,.00221652,97.3831,197.0342,32.0350,328.2223,0,U,39418,999,68527,.20823031E-3,.3616E-4,0
DUBAISAT-2,2013-066D,2026-05-26T22:23:28.539744,15.09995511,.0012899,97.4552,137.6377,104.3272,255.9390,0,U,39419,999,68318,.31254658E-3,.5025E-4,0
GPM-CORE,2014-009C,2026-05-26T20:23:33.537408,15.45162332,.00118809,64.9740,19.6436,266.5235,93.4547,0,U,39574,999,69451,.25557677E-3,.11979E-3,0
SENTINEL-1A,2014-016A,2026-05-26T23:21:26.322048,14.59199732,.00013933,98.1786,154.8157,85.6930,274.4429,0,U,39634,999,64692,-.7043811E-5,-.79E-6,0
KAZEOSAT 1,2014-024A,2026-05-26T22:17:19.948704,14.42069282,.00015634,98.3209,219.9038,84.3850,275.7518,0,U,39731,999,63549,.12433696E-4,-.2E-7,0
ALOS-2,2014-029A,2026-05-26T21:39:31.836384,14.79468556,.00015826,97.9224,244.3718,91.3309,268.8084,0,U,39766,999,64843,.12313221E-3,.868E-5,0
KAZEOSAT 2,2014-033A,2026-05-26T22:39:21.402144,14.85441120,.00096696,97.5429,347.6780,37.4708,322.7180,0,U,40010,999,64580,.59865729E-4,.466E-5,0
HODOYOSHI-4,2014-033B,2026-05-26T23:42:08.369568,14.88069410,.00242063,97.5456,332.8349,19.3641,340.8491,0,U,40011,999,64565,.14770771E-3,.1312E-4,0
DEIMOS-2,2014-033D,2026-05-26T22:44:16.591200,14.93660423,.00024654,97.5864,22.1804,69.6576,290.4909,0,U,40013,999,63455,.23732776E-3,.2454E-4,0
HODOYOSHI-3,2014-033F,2026-05-26T23:09:45.656064,14.85337737,.00342266,97.6401,310.8634,65.7811,294.6975,0,U,40015,999,64447,.12784299E-3,.1058E-4,0
SPOT 7,2014-034A,2026-05-26T22:47:45.924576,14.60935690,.00012077,98.0640,209.9878,82.4452,277.6886,0,U,40053,999,63403,.67856162E-4,.287E-5,0
SKYSAT-B,2014-037D,2026-05-26T21:01:00.060960,14.87962139,.00055487,98.3825,104.6286,2.5003,357.6238,0,U,40072,999,64279,.16099082E-3,.1415E-4,0
WORLDVIEW-3 (WV-3),2014-048A,2026-05-26T20:59:52.497024,14.84980338,.0002382,97.8569,222.0021,59.5152,300.6298,0,U,40115,999,63874,.11035544E-3,.887E-5,0
GAOFEN-2,2014-049A,2026-05-26T23:02:19.203936,14.80872266,.00061962,98.0120,211.1865,310.4333,49.6338,0,U,40118,999,63609,.54053944E-4,.364E-5,0
YAOGAN-21,2014-053A,2026-05-26T23:38:53.885760,15.26009900,.00089262,97.1494,188.1349,156.5554,203.6094,0,U,40143,999,65172,.28381092E-3,.7239E-4,0
YAOGAN-22,2014-063A,2026-05-26T23:13:06.924000,13.15530655,.00058968,100.7695,297.8905,234.6744,125.3816,0,U,40275,999,55702,.61346841E-4,-.24E-6,0
ASNARO,2014-070A,2026-05-26T22:55:31.931616,15.19740150,.00033139,97.3456,223.6402,194.5111,165.6030,0,U,40298,999,64078,.36145238E-3,.7663E-4,0
YAOGAN-24,2014-072A,2026-05-26T22:25:09.361632,14.76189745,.00133943,98.1454,284.0960,337.1307,22.9304,0,U,40310,999,62058,.9200353E-4,.584E-5,0
CBERS 4,2014-079A,2026-05-26T23:41:32.426304,14.35501587,.00021023,98.3546,204.4824,88.4744,271.6683,0,U,40336,999,60091,.14491604E-4,-.1E-7,0
YAOGAN-26,2014-088A,2026-05-26T23:31:59.900160,15.46391431,.00066814,97.0642,147.7011,113.6302,246.5650,0,U,40362,999,63442,.59532927E-3,.29438E-3,0
SMAP,2015-003A,2026-05-26T22:50:05.984160,14.63344506,.0001263,98.1278,154.3473,87.7994,272.3353,0,U,40376,999,60451,.93761745E-4,.437E-5,0
KOMPSAT-3A,2015-014A,2026-05-26T22:06:11.839104,15.52930482,.00550094,97.6884,136.7455,253.4220,106.0986,0,U,40536,999,61851,.38383712E-3,.25412E-3,0
SENTINEL-2A,2015-028A,2026-05-26T22:56:34.574208,14.30816385,.00010864,98.5685,222.1083,86.4962,273.6345,0,U,40697,999,57069,.27175592E-4,.28E-6,0
GAOFEN-8,2015-030A,2026-05-26T23:32:53.259072,15.45094191,.00076547,97.6923,339.0916,268.9503,91.0868,0,U,40701,999,60817,.51532988E-3,.24348E-3,0
CARBONITE 1 (CBNT-1),2015-032D,2026-05-26T22:28:47.882784,14.83513241,.00148203,97.6505,325.8958,10.6270,349.5255,0,U,40718,999,58619,.28482477E-3,.2297E-4,0
YAOGAN-27,2015-040A,2026-05-26T23:17:55.981248,13.16067025,.00074559,100.1146,134.2753,263.8978,96.1286,0,U,40878,999,51487,-.13792059E-2,-.566E-5,0
GAOFEN-9 01,2015-047A,2026-05-26T22:36:03.040704,14.82837157,.00266475,97.6289,183.6008,206.9031,153.0803,0,U,40894,999,57704,.12326325E-3,.952E-5,0
YAOGAN-28,2015-064A,2026-05-26T23:07:48.977184,15.27103379,.00091924,97.3041,285.6665,264.4591,95.5600,0,U,41026,999,58744,.29865992E-3,.7877E-4,0
YAOGAN-29,2015-069A,2026-05-26T23:49:29.343072,14.83065011,.00030417,98.0045,175.5917,89.6595,270.4967,0,U,41038,999,56748,.51013834E-4,.361E-5,0
KENT RIDGE 1,2015-077B,2026-05-26T22:40:54.467040,15.22980826,.00084352,14.9803,63.9399,299.0377,60.9100,0,U,41167,999,57785,.14653975E-3,.4315E-4,0
GAOFEN-4,2015-083A,2026-05-26T19:36:00.815040,1.00271284,.00041089,0.3042,83.6748,115.2898,85.0973,0,U,41194,999,3831,0,-.331E-5,0
JASON-3,2016-002A,2026-05-26T22:53:54.144096,12.87627450,.00085543,66.0390,170.4762,273.4963,86.5077,0,U,41240,999,48451,.10976483E-3,-.34E-6,0
SENTINEL-3A,2016-011A,2026-05-26T21:31:47.548704,14.26739410,.0001239,98.6255,214.5854,108.6046,251.5269,0,U,41335,999,53502,.67033345E-4,.119E-5,0
ZIYUAN 3-02 (ZY 3-02),2016-033A,2026-05-26T22:41:11.138784,15.21236820,.00128379,97.3841,223.1261,10.7144,349.4363,0,U,41556,999,55475,.29122073E-3,.6448E-4,0
CARTOSAT-2C,2016-040A,2026-05-26T23:37:14.014272,15.19286723,.00092996,97.4496,207.2518,199.7968,160.2908,0,U,41599,999,55049,.18368711E-3,.3811E-4,0
SKYSAT-C1,2016-040C,2026-05-26T23:31:12.525312,15.35886013,.00044819,96.9579,179.8539,100.0186,260.1565,0,U,41601,999,55461,.29067528E-3,.10083E-3,0
LAPAN-A3,2016-040E,2026-05-26T23:27:43.066656,15.32950891,.00122503,97.1483,143.8236,91.7912,268.4734,0,U,41603,999,55156,.12344955E-3,.3862E-4,0
GAOFEN-3,2016-049A,2026-05-26T23:49:58.244736,14.42211276,.00009601,98.4019,155.0992,95.1626,264.9673,0,U,41727,999,51559,-.47041606E-4,-.198E-5,0
SKYSAT-C4,2016-058B,2026-05-26T14:46:26.538816,15.47820108,.0001843,96.9188,169.3010,67.3404,292.8042,0,U,41771,999,54213,.31154836E-3,.16107E-3,0
SKYSAT-C5,2016-058C,2026-05-26T15:31:40.881216,15.34111363,.00035372,97.0489,188.2517,42.6099,317.5418,0,U,41772,999,54044,.23479994E-3,.7678E-4,0
SKYSAT-C2,2016-058D,2026-05-26T23:19:19.663104,15.41517861,.0005147,97.0182,169.8724,116.0973,244.0805,0,U,41773,999,54178,.30464776E-3,.1271E-3,0
SKYSAT-C3,2016-058E,2026-05-26T14:37:14.207808,15.51514092,.00025719,96.9036,178.2992,82.6177,277.5369,0,U,41774,999,54276,.34933231E-3,.20591E-3,0
ALSAT-1B,2016-059C,2026-05-26T23:13:14.913408,14.72254955,.00079981,97.7757,156.6478,300.4083,59.6334,0,U,41785,999,51745,.37504586E-4,.19E-5,0
PATHFINDER 1,2016-059E,2026-05-26T22:24:02.635776,14.67634087,.00269311,97.8166,147.1694,274.3968,85.4161,0,U,41787,999,51659,.11632674E-3,.618E-5,0
SCATSAT 1,2016-059H,2026-05-26T18:34:50.163744,14.79473337,.00536537,98.1200,210.3188,318.1821,41.5296,0,U,41790,999,9842,.13960383E-3,.101E-4,0
GOKTURK 1A,2016-073A,2026-05-26T23:19:38.848224,14.62757065,.00014425,98.1275,41.9764,79.3340,280.8025,0,U,41875,999,50572,.13650265E-3,.649E-5,0
RESOURCESAT-2A,2016-074A,2026-05-26T22:56:47.563584,14.21608784,.00031055,98.7529,220.6333,125.1425,235.0044,0,U,41877,999,49128,.80880374E-4,.133E-5,0
CARTOSAT-2D,2017-008A,2026-05-26T22:49:01.754400,15.19308355,.00034486,97.4125,206.6508,327.2806,32.8214,0,U,41948,999,51435,.18339818E-3,.3804E-4,0
SENTINEL-2B,2017-013A,2026-05-26T22:46:08.501664,14.30821527,.0001239,98.5693,222.0223,90.5774,269.5551,0,U,42063,999,48160,.30924948E-4,.37E-6,0
CARTOSAT-2E,2017-036C,2026-05-26T21:39:29.344608,15.19287001,.00035212,97.4288,207.0536,40.3389,319.8106,0,U,42767,999,49491,.21822308E-3,.4537E-4,0
FORMOSAT-5,2017-049A,2026-05-26T21:08:45.604896,14.50888959,.00122138,98.2254,222.6637,143.7457,216.4568,0,U,42920,999,46358,.55967637E-4,.177E-5,0
SENTINEL-5P,2017-064A,2026-05-26T20:16:12.935424,14.19514809,.00010531,98.7920,89.1288,78.1121,282.0173,0,U,42969,999,44653,.41740546E-4,.44E-6,0
SKYSAT-C11,2017-068A,2026-05-26T09:40:13.955520,15.56632302,.00015673,97.4323,294.3098,103.2587,256.8842,0,U,42987,999,47985,.39991388E-3,.28422E-3,0
SKYSAT-C10,2017-068B,2026-05-26T20:06:00.304128,15.34213504,.00015383,97.4472,283.4872,93.5110,266.6309,0,U,42988,999,47908,.30347179E-3,.9972E-4,0
SKYSAT-C9,2017-068C,2026-05-26T22:39:32.457024,15.40959898,.00081009,97.4393,284.3295,204.2810,155.8056,0,U,42989,999,47948,.34050014E-3,.13958E-3,0
SKYSAT-C8,2017-068D,2026-05-26T20:10:54.270624,15.36491222,.00016387,97.4488,283.2098,106.2631,253.8793,0,U,42990,999,47903,.31577355E-3,.11165E-3,0
SKYSAT-C7,2017-068E,2026-05-26T23:08:11.822208,15.36435779,.00063276,97.4501,284.3226,170.8444,189.2916,0,U,42991,999,47911,.31608958E-3,.11163E-3,0
SKYSAT-C6,2017-068F,2026-05-26T22:45:16.323840,15.34031062,.00020878,97.4537,284.3504,185.2075,174.9146,0,U,42992,999,47906,.31306879E-3,.10231E-3,0
CARTOSAT-2F,2018-004A,2026-05-26T22:24:59.881824,15.19275936,.00009358,97.4805,206.7743,50.0805,310.0512,0,U,43111,999,46410,.19166936E-3,.3974E-4,0
GAOFEN-1 02,2018-031A,2026-05-26T22:49:05.377152,14.76446000,.00046557,98.0537,209.5357,82.4111,277.7627,0,U,43259,999,43956,.13834173E-3,.911E-5,0
GAOFEN-1 03,2018-031B,2026-05-26T22:17:29.940000,14.76492072,.00035256,98.0527,209.3746,126.3794,233.7742,0,U,43260,999,43955,.11106626E-3,.722E-5,0
GAOFEN-1 04,2018-031D,2026-05-26T23:20:15.679680,14.76441239,.00020547,98.0539,209.6059,106.7885,253.3550,0,U,43262,999,43955,.41101744E-4,.234E-5,0
SENTINEL-3B,2018-039A,2026-05-26T19:12:08.110368,14.26734695,.00011602,98.6253,214.6382,74.1889,285.9419,0,U,43437,999,42107,.59876381E-4,.101E-5,0
GAOFEN-5 01,2018-043A,2026-05-26T21:26:40.641216,14.60588085,.0002648,98.4558,118.0347,121.8853,238.2604,0,U,43461,999,42858,.84469815E-4,.361E-5,0
GAOFEN-6,2018-048A,2026-05-26T22:17:24.032832,14.76600866,.00106851,97.7768,210.3907,240.8937,119.1204,0,U,43484,999,43025,.61301596E-4,.379E-5,0
GAOFEN-11 01,2018-063A,2026-05-26T22:29:11.234112,15.54585842,.00052164,97.1309,213.8846,66.8452,293.3352,0,U,43585,999,43704,.16634431E-3,.10894E-3,0
ICESAT-2,2018-070A,2026-05-26T16:16:07.115232,15.28327495,.0003297,92.0052,285.1723,121.5161,238.6411,0,U,43613,999,42917,.3596262E-3,.9921E-4,0
HYSIS,2018-096A,2026-05-26T23:07:03.859104,14.78643121,.0001262,97.9847,213.8761,119.3928,240.7409,0,U,43719,999,40428,.17590742E-3,.1237E-4,0
KAZSTSAT,2018-099AB,2026-05-26T21:09:53.895456,14.99806256,.00065449,97.4274,179.7806,125.7848,234.3985,0,U,43783,999,40811,.88085708E-4,.1034E-4,0
SAUDISAT 5A,2018-102A,2026-05-26T22:42:11.259360,15.27792481,.00091405,97.3084,208.9386,199.4367,160.6525,0,U,43831,999,41243,.21768954E-3,.5842E-4,0
SAUDISAT 5B,2018-102C,2026-05-26T23:14:35.077056,15.28062646,.00097807,97.3189,211.9917,202.5122,157.5690,0,U,43833,999,41255,.21534024E-3,.5827E-4,0
GAOFEN-10R,2019-066A,2026-05-26T23:14:05.142048,14.83005572,.00050015,98.0488,100.3949,191.6278,168.4820,0,U,44622,999,35923,.15339146E-3,.1192E-4,0
CARTOSAT-3,2019-081A,2026-05-26T22:47:07.970784,15.19274010,.00115466,97.4321,209.1558,219.4487,140.5908,0,U,44804,999,36024,.15552442E-3,.3216E-4,0
GAOFEN-12 01,2019-082A,2026-05-26T23:48:42.405408,14.80438149,.00025001,97.8104,153.9316,96.5473,263.6024,0,U,44819,999,35095,.59213409E-4,.402E-5,0
CSG-1,2019-092A,2026-05-26T23:42:49.744800,14.82162445,.00014286,97.8887,330.8979,93.8554,266.2823,0,U,44873,999,34833,.62556216E-4,.446E-5,0
NEMO-HD,2020-061F,2026-05-26T22:36:39.777120,15.44101283,.00027229,97.1938,209.1153,106.2736,253.8812,0,U,46277,999,31870,.25739457E-3,.1169E-3,0
SENTINEL-6A,2020-086A,2026-05-26T11:00:09.754272,12.80929218,.00079317,66.0390,180.1839,270.2447,89.7660,0,U,46984,999,25754,.13195335E-3,-.31E-6,0
CAS500-1,2021-022A,2026-05-26T22:24:25.473024,15.20142536,.00058164,97.3928,42.6140,25.2415,334.9103,0,U,47932,999,28753,.31932079E-3,.6842E-4,0
GAOFEN-12 02,2021-026A,2026-05-27T00:01:22.880928,14.80276515,.00036796,97.9920,145.2692,316.8569,43.2354,0,U,48079,999,27862,.60429361E-4,.407E-5,0
PLEIADES NEO 3,2021-034A,2026-05-26T23:31:48.107424,14.81673685,.00014803,97.8932,222.0520,93.6429,266.4953,0,U,48268,999,27451,.17483471E-3,.1324E-4,0
PLEIADES NEO 4,2021-073E,2026-05-26T22:43:09.899040,14.81673396,.00014258,97.8930,222.0144,92.9663,267.1713,0,U,49070,999,25822,.72278141E-4,.517E-5,0
LANDSAT 9,2021-088A,2026-05-26T18:31:05.564352,14.57116941,.00014548,98.1857,217.2520,97.6455,262.4908,0,U,49260,999,24788,.79883118E-4,.315E-5,0
CSG-2,2022-008A,2026-05-26T22:54:13.059648,14.82158803,.0001475,97.8890,330.8605,85.7390,274.3992,0,U,51444,999,23344,.12077554E-3,.909E-5,0
GAOFEN-12 03,2022-069A,2026-05-26T23:01:26.717664,14.79993133,.00010566,97.8306,35.3622,115.0002,245.1320,0,U,52912,999,21147,.78704884E-4,.545E-5,0
SWOT,2022-173A,2026-05-26T20:06:25.473312,14.00171830,.0000112,77.6113,64.1293,94.6358,265.4806,0,U,54754,999,17616,-.11856023E-4,-.2E-6,0
GAOFEN-12 04,2023-123A,2026-05-26T23:29:25.951776,14.80180374,.00016955,97.9130,65.3010,92.1929,267.9477,0,U,57654,999,14949,.14147338E-3,.1023E-4,0
PARS 1,2024-039Q,2026-05-26T22:45:23.037984,15.45230400,.00094274,97.4809,127.2083,178.5824,181.5453,0,U,59065,999,12536,.24194738E-3,.11425E-3,0
RESURS-P 4,2024-061A,2026-05-26T23:18:07.722144,15.31990719,.00006744,97.2739,95.2428,97.4013,262.7306,0,U,59371,999,12051,.11009947E-3,.3324E-4,0
LEGION 1,2024-081A,2026-05-26T20:23:32.031456,15.16488172,.00109861,97.5020,224.9368,84.6276,275.6210,0,U,59625,999,11430,.22103685E-3,.4243E-4,0
LEGION 2,2024-081B,2026-05-26T21:06:19.181088,15.16470770,.00127085,97.5021,225.0642,55.8879,304.3558,0,U,59626,999,11431,.22479049E-3,.4316E-4,0
ALOS-4 (DAICHI-4),2024-123A,2026-05-27T02:59:32.942976,14.79469587,.0001615,97.9234,244.5946,98.1623,261.9772,0,U,60182,999,10276,.18863E-3,.1357E-4,0
LEGION 3,2024-146A,2026-05-26T23:28:31.919808,15.15849070,.00073915,44.9996,144.2875,32.3409,327.7922,0,U,60452,999,9880,.19326364E-3,.3498E-4,0
LEGION 4,2024-146B,2026-05-26T17:13:27.397344,15.15857487,.00132697,45.0010,237.5957,194.7569,165.2923,0,U,60453,999,9761,.24537831E-3,.452E-4,0
SENTINEL-2C,2024-157A,2026-05-26T18:34:26.332896,14.30822918,.0001387,98.5694,221.8581,84.7966,275.3375,0,U,60989,999,8992,.51755655E-4,.92E-6,0
IONOSFERA-M 1,2024-199A,2026-05-26T22:55:40.529280,14.22749860,.0001146,98.7202,20.3489,137.6365,222.4901,0,U,61735,999,12468,.43496855E-4,.53E-6,0
IONOSFERA-M 2,2024-199B,2026-05-26T22:03:51.953184,14.22752970,.00017617,98.7201,20.2242,59.9202,300.2150,0,U,61736,999,12780,.45242311E-4,.57E-6,0
PRSC-EO1,2025-012A,2026-05-25T07:30:44.312832,15.17754378,.00049005,97.4229,218.2191,354.6912,5.4269,0,U,62725,999,7472,.3315491E-3,.663E-4,0
BIOMASS,2025-090A,2026-05-26T23:09:50.132448,14.67537861,.00014034,98.0744,334.5896,88.5842,271.5523,0,U,63772,999,5757,.10922332E-3,.571E-5,0
GOSAT-GW (IBUKI GW),2025-141A,2026-05-26T23:39:25.725024,14.67556333,.00014547,98.0567,84.6480,85.5708,274.5663,0,U,64694,999,4873,.12881064E-3,.683E-5,0
IONOSFERA-M 3,2025-155A,2026-05-26T23:43:17.160384,14.21482351,.00003477,98.6014,109.4287,345.6788,14.4380,0,U,64876,999,4339,.4810979E-4,.62E-6,0
IONOSFERA-M 4,2025-155B,2026-05-26T22:52:08.693760,14.21484410,.00005182,98.6013,109.3118,81.7424,278.3812,0,U,64877,999,4338,.42635834E-4,.5E-6,0
MICROCARB,2025-156A,2026-05-26T19:26:17.055168,14.72299761,.00158615,97.9832,224.3288,345.3949,14.6798,0,U,64899,999,4482,.93350161E-4,.541E-5,0
CO3D 3,2025-156B,2026-05-26T20:39:53.722944,15.20202323,.00006443,97.4331,225.8609,151.9630,208.1640,0,U,64900,999,4629,.24530836E-3,.5247E-4,0
CO3D 4,2025-156C,2026-05-26T20:40:07.794912,15.20207053,.00013367,97.4329,225.8607,59.3019,300.8348,0,U,64901,999,4629,.23057296E-3,.4928E-4,0
CO3D 2,2025-156D,2026-05-26T21:26:53.792160,15.20189381,.00011207,97.4330,225.7923,130.2999,229.8334,0,U,64902,999,4629,.22379845E-3,.4778E-4,0
CO3D 1,2025-156E,2026-05-26T21:27:06.730560,15.20211470,.00009746,97.4332,225.7922,132.7103,227.4215,0,U,64903,999,4629,.26740591E-3,.5727E-4,0
PRSC-S1,2025-164A,2026-05-26T18:46:22.486080,15.06224176,.0006909,41.1311,48.3434,221.3436,138.6856,0,U,65055,999,4520,.35743645E-3,.5162E-4,0
SENTINEL-6B,2025-264A,2026-05-26T12:53:05.566272,12.80929171,.00080491,66.0390,180.1471,269.3769,90.6324,0,U,66514,999,2439,.12321926E-3,-.33E-6,0
CAS500-3,2025-274F,2026-05-26T18:26:01.803552,14.88260117,.0005232,97.7447,75.3076,170.5546,189.5770,0,U,66655,999,2696,.13661964E-3,.1208E-4,0
CSG-3,2026-001A,2026-05-26T22:23:49.288704,14.82151754,.0001315,97.8885,330.8432,91.0620,269.0744,0,U,67304,999,2131,.47456179E-4,.326E-5,0
PRSC-E03,2026-092A,2026-05-26T15:33:04.582944,15.06558433,.00049329,38.0000,216.6844,225.3752,134.6608,0,U,68835,999,470,.16796697E-3,.2425E-4,0
CAS500-2,2026-100AK,2026-05-26T16:45:10.207584,15.20433231,.00092795,97.4100,44.9222,94.6228,265.6067,0,U,69013,999,354,.29551459E-3,.6385E-4,0
