GOES 14                 
1 35491U 09033A   26146.25598956 -.00000192  00000+0  00000+0 0  9996
2 35491   1.6360  83.2932 0001956 346.9301  60.0008  1.00117160  6371
EWS-G2 (GOES 15)        
1 36411U 10008A   26146.16668523  .00000022  00000+0  00000+0 0  9992
2 36411   1.2201  83.2277 0005079  32.1945 251.7589  1.00274994 59419
GOES 16                 
1 41866U 16071A   26146.20470221 -.00000089  00000+0  00000+0 0  9993
2 41866   0.2867  85.7005 0000802 279.4534 207.6562  1.00272887 34885
GOES 17                 
1 43226U 18022A   26146.27893505 -.00000180  00000+0  00000+0 0  9996
2 43226   0.8845  86.0198 0000620 343.2093 185.5522  1.00271738 30200
GOES 18                 
1 51850U 22021A   26146.24930233  .00000098  00000+0  00000+0 0  9996
2 51850   0.0090  75.6826 0000459  29.1958  91.6868  1.00271618  6376
GOES 19                 
1 60133U 24119A   26146.21050890  .00000000  00000+0  00000+0 0  9992
2 60133   0.0172  82.7712 0000633  32.5716 129.0323  1.00269675  6741
